  1.144205542E-14  1.359443454E-12  5.901072730E-14  3.065234262E-14  1.934831682E-14  1.561048566E-14  1.300889623E-14  9.438882226E-15 
  1.359443454E-12  1.430134290E-14  1.027447721E-12  6.746382959E-14  3.089714174E-14  2.360531266E-14  1.837709510E-14  1.313197048E-14 
  5.901072730E-14  1.027447721E-12  1.430011730E-14  1.048302855E-12  5.047468883E-14  3.011817149E-14  2.226114917E-14  1.514391425E-14 
  3.065234262E-14  6.746382959E-14  1.048302855E-12  1.430122199E-14  1.188863891E-12  5.423361814E-14  3.216374377E-14  1.979134068E-14 
  1.934831682E-14  3.089714174E-14  5.047468883E-14  1.188863891E-12  1.430075018E-14  1.062763930E-12  5.683184158E-14  3.252777226E-14 
  1.561048566E-14  2.360531266E-14  3.011817149E-14  5.423361814E-14  1.062763930E-12  1.429915772E-14  1.081528748E-12  7.123168512E-14 
  1.300889623E-14  1.837709510E-14  2.226114917E-14  3.216374377E-14  5.683184158E-14  1.081528748E-12  1.430067891E-14  1.202274838E-12 
  9.438882226E-15  1.313197048E-14  1.514391425E-14  1.979134068E-14  3.252777226E-14  7.123168512E-14  1.202274838E-12  1.144303042E-14 
