40.30457537142,-0.04211847632,-0.7660563152,-38.7889202,-0.7074803799
-0.04211847632,40.12149839002,-0.5806732386,-38.791184990000005,-0.7075216851
-0.7660563152,-0.5806732386,3.4800428385499997,-2.095100251,-0.03821303375
-38.7889202,-38.791184990000005,-2.095100251,79.68857242553001,-0.013366984529999999
-0.7074803799,-0.7075216851,-0.03821303375,-0.013366984529999999,1.4665820832799998
