  1.907613460E-14  1.747875960E-13  3.607635576E-15  8.329706108E-12  1.205543871E-14  8.770641040E-16  2.012141012E-12  2.524012564E-14  2.983477398E-19  3.600475950E-13  1.372950748E-13  3.584299368E-13  8.429588101E-13  1.311841368E-16  5.427177494E-13  7.830672873E-13  5.614104401E-13  7.875846533E-13 
  1.747875960E-13  2.091208916E-13  1.764466394E-13  1.108911050E-14  8.518197415E-12  1.137690966E-14  2.958307405E-14  1.813718639E-12  2.981200460E-14  1.908046861E-13  3.585905079E-13  1.744554296E-13  8.346907665E-13  8.496688543E-13  1.627945499E-13  5.623422713E-13  7.741040094E-13  2.034248164E-13 
  3.607635576E-15  1.764466394E-13  9.523105834E-15  8.866634723E-16  1.251715113E-14  8.398838749E-12  2.750433532E-19  2.543601466E-14  2.018409303E-12  3.631444098E-13  1.376959215E-13  3.605694532E-13  1.404126117E-16  8.442995348E-13  5.395595087E-13  7.836784518E-13  5.625458280E-13  7.917229519E-13 
  8.329706108E-12  1.108911050E-14  8.866634723E-16  4.581916672E-15  1.990470047E-15  2.156394281E-16  5.229248990E-13  6.253157725E-16  6.976470979E-20  1.090695655E-13  3.559979249E-14  1.129158740E-13  2.671429418E-15  3.212191681E-17  1.089993142E-13  2.061576456E-13  1.247883872E-13  1.911248179E-13 
  1.205543871E-14  8.518197415E-12  1.251715113E-14  1.990470047E-15  4.974551940E-14  2.068655026E-15  1.029357297E-15  4.963067551E-13  1.038847362E-15  5.027448229E-14  1.139451326E-13  4.557854888E-14  3.401874355E-15  3.376740814E-15  2.954763477E-14  1.258758222E-13  2.025285695E-13  3.999117456E-14 
  8.770641040E-16  1.137690966E-14  8.398838749E-12  2.156394281E-16  2.068655026E-15  2.110905319E-15  6.333743756E-20  6.357966634E-16  5.166520226E-13  1.079564816E-13  3.530786130E-14  1.115573931E-13  3.401417939E-17  2.662677121E-15  1.087651517E-13  2.065629648E-13  1.224980721E-13  1.873436536E-13 
  2.012141012E-12  2.958307405E-14  2.750433532E-19  5.229248990E-13  1.029357297E-15  6.333743756E-20  4.875376697E-13  1.945029873E-14  4.809879849E-19  1.535327716E-13  7.120111654E-13  1.675017611E-13  1.735805907E-14  2.108481745E-20  4.307300095E-13  7.490100656E-13  9.649298015E-13  5.335769177E-13 
  2.524012564E-14  1.813718639E-12  2.543601466E-14  6.253157725E-16  4.963067551E-13  6.357966634E-16  1.945029873E-14  4.517151534E-13  2.002914597E-14  2.069410134E-13  1.652187455E-13  5.288945469E-13  1.598183659E-14  1.597637713E-14  2.060647269E-14  9.766886676E-13  7.673644641E-13  3.281089814E-14 
  2.983477398E-19  2.981200460E-14  2.018409303E-12  6.976470979E-20  1.038847362E-15  5.166520226E-13  4.809879849E-19  2.002914597E-14  4.875924969E-13  1.548847996E-13  7.135243735E-13  1.660287170E-13  2.297686917E-20  1.742114627E-14  4.269104482E-13  7.378773255E-13  9.562016165E-13  5.342745105E-13 
  3.600475950E-13  1.908046861E-13  3.631444098E-13  1.090695655E-13  5.027448229E-14  1.079564816E-13  1.535327716E-13  2.069410134E-13  1.548847996E-13  2.241415021E-13  5.742395444E-16  9.634255048E-18  3.242311647E-15  3.189488153E-15  3.729308533E-12  1.773756029E-12  1.585824400E-16  3.067780120E-18 
  1.372950748E-13  3.585905079E-13  1.376959215E-13  3.559979249E-14  1.139451326E-13  3.530786130E-14  7.120111654E-13  1.652187455E-13  7.135243735E-13  5.742395444E-16  1.555522182E-13  7.187635660E-16  2.892086769E-15  2.929285027E-15  2.982390490E-16  1.679939493E-12  1.396343458E-12  2.563050417E-16 
  3.584299368E-13  1.744554296E-13  3.605694532E-13  1.129158740E-13  4.557854888E-14  1.115573931E-13  1.675017611E-13  5.288945469E-13  1.660287170E-13  9.634255048E-18  7.187635660E-16  2.207343169E-13  3.055362555E-15  3.125375106E-15  5.382393465E-18  1.997181491E-16  3.260114523E-12  1.865819766E-12 
  8.429588101E-13  8.346907665E-13  1.404126117E-16  2.671429418E-15  3.401874355E-15  3.401417939E-17  1.735805907E-14  1.598183659E-14  2.297686917E-20  3.242311647E-15  2.892086769E-15  3.055362555E-15  1.108562195E-15  5.316732180E-18  1.199162118E-14  1.595693242E-14  1.616182503E-14  1.271747318E-14 
  1.311841368E-16  8.496688543E-13  8.442995348E-13  3.212191681E-17  3.376740814E-15  2.662677121E-15  2.108481745E-20  1.597637713E-14  1.742114627E-14  3.189488153E-15  2.929285027E-15  3.125375106E-15  5.316732180E-18  9.904280132E-16  1.197802116E-14  1.598940246E-14  1.612164128E-14  1.269896045E-14 
  5.427177494E-13  1.627945499E-13  5.395595087E-13  1.089993142E-13  2.954763477E-14  1.087651517E-13  4.307300095E-13  2.060647269E-14  4.269104482E-13  3.729308533E-12  2.982390490E-16  5.382393465E-18  1.199162118E-14  1.197802116E-14  2.862472033E-13  8.514946924E-14  8.368427403E-17  1.713865722E-18 
  7.830672873E-13  5.623422713E-13  7.836784518E-13  2.061576456E-13  1.258758222E-13  2.065629648E-13  7.490100656E-13  9.766886676E-13  7.378773255E-13  1.773756029E-12  1.679939493E-12  1.997181491E-16  1.595693242E-14  1.598940246E-14  8.514946924E-14  5.095261755E-13  3.803778658E-14  8.084014113E-17 
  5.614104401E-13  7.741040094E-13  5.625458280E-13  1.247883872E-13  2.025285695E-13  1.224980721E-13  9.649298015E-13  7.673644641E-13  9.562016165E-13  1.585824400E-16  1.396343458E-12  3.260114523E-12  1.616182503E-14  1.612164128E-14  8.368427403E-17  3.803778658E-14  4.492382410E-13  8.036256043E-14 
  7.875846533E-13  2.034248164E-13  7.917229519E-13  1.911248179E-13  3.999117456E-14  1.873436536E-13  5.335769177E-13  3.281089814E-14  5.342745105E-13  3.067780120E-18  2.563050417E-16  1.865819766E-12  1.271747318E-14  1.269896045E-14  1.713865722E-18  8.084014113E-17  8.036256043E-14  4.202771186E-13 
