14.951134143914539,-0.17478759600000002,-0.003607635576,-8.329706108,-0.012055438710000001,-0.000877064104,-2.0121410120000003,-0.025240125640000003,-2.9834773980000004e-07,-0.360047595,-0.1372950748,-0.3584299368,-0.8429588101,-0.0001311841368,-0.5427177494,-0.7830672873,-0.5614104401,-0.7875846533,-0.019076134600000003
-0.17478759600000002,15.085008171209997,-0.1764466394,-0.0110891105,-8.518197415,-0.01137690966,-0.029583074049999998,-1.8137186390000002,-0.0298120046,-0.1908046861,-0.35859050789999997,-0.17445542960000002,-0.8346907665,-0.8496688542999999,-0.1627945499,-0.5623422713,-0.7741040094,-0.2034248164,-0.2091208916
-0.003607635576,-0.1764466394,15.029022009427354,-0.0008866634723,-0.012517151130000001,-8.398838749,-2.750433532e-07,-0.025436014660000002,-2.018409303,-0.3631444098,-0.13769592149999998,-0.3605694532,-0.0001404126117,-0.8442995348,-0.5395595087,-0.7836784518000001,-0.562545828,-0.7917229519,-0.009523105834000001
-8.329706108,-0.0110891105,-0.0008866634723,9.76337914088142,-0.001990470047,-0.0002156394281,-0.522924899,-0.0006253157725,-6.976470979e-08,-0.10906956550000001,-0.03559979249,-0.112915874,-0.002671429418,-3.212191681e-05,-0.1089993142,-0.2061576456,-0.1247883872,-0.19112481790000002,-0.004581916672
-0.012055438710000001,-8.518197415,-0.012517151130000001,-0.001990470047,9.709469589040998,-0.002068655026,-0.001029357297,-0.49630675510000005,-0.0010388473620000001,-0.050274482290000005,-0.11394513260000001,-0.04557854888,-0.003401874355,-0.0033767408140000003,-0.02954763477,-0.1258758222,-0.2025285695,-0.03999117456,-0.0497455194
-0.000877064104,-0.01137690966,-8.398838749,-0.0002156394281,-0.002068655026,9.815464074638328,-6.333743756000001e-08,-0.0006357966634,-0.5166520226,-0.1079564816,-0.0353078613,-0.1115573931,-3.401417939e-05,-0.0026626771210000004,-0.1087651517,-0.2065629648,-0.12249807210000001,-0.18734365360000002,-0.002110905319
-2.0121410120000003,-0.029583074049999998,-2.750433532e-07,-0.522924899,-0.001029357297,-6.333743756000001e-08,6.801317702700594,-0.01945029873,-4.809879849e-07,-0.1535327716,-0.7120111654,-0.1675017611,-0.01735805907,-2.108481745e-08,-0.4307300095,-0.7490100656,-0.9649298015000001,-0.5335769177,-0.4875376697
-0.025240125640000003,-1.8137186390000002,-0.025436014660000002,-0.0006253157725,-0.49630675510000005,-0.0006357966634,-0.01945029873,5.583640266985901,-0.02002914597,-0.2069410134,-0.1652187455,-0.5288945469,-0.01598183659,-0.01597637713,-0.02060647269,-0.9766886676000001,-0.7673644641,-0.03281089814,-0.4517151534
-2.9834773980000004e-07,-0.0298120046,-2.018409303,-6.976470979e-08,-0.0010388473620000001,-0.5166520226,-4.809879849e-07,-0.02002914597,6.780657629579304,-0.1548847996,-0.7135243735000001,-0.166028717,-2.297686917e-08,-0.01742114627,-0.4269104482,-0.7378773255000001,-0.9562016164999999,-0.5342745105000001,-0.4875924969
-0.360047595,-0.1908046861,-0.3631444098,-0.10906956550000001,-0.050274482290000005,-0.1079564816,-0.1535327716,-0.2069410134,-0.1548847996,7.431039192809568,-0.0005742395444000001,-9.634255048e-06,-0.003242311647,-0.003189488153,-3.729308533,-1.7737560289999998,-0.00015858244000000002,-3.06778012e-06,-0.2241415021
-0.1372950748,-0.35859050789999997,-0.13769592149999998,-0.03559979249,-0.11394513260000001,-0.0353078613,-0.7120111654,-0.1652187455,-0.7135243735000001,-0.0005742395444000001,5.6486926631871,-0.0007187635660000001,-0.002892086769,-0.002929285027,-0.000298239049,-1.679939493,-1.396343458,-0.0002563050417,-0.15555221819999998
-0.3584299368,-0.17445542960000002,-0.3605694532,-0.112915874,-0.04557854888,-0.1115573931,-0.1675017611,-0.5288945469,-0.166028717,-9.634255048e-06,-0.0007187635660000001,7.379714502504614,-0.0030553625550000002,-0.003125375106,-5.382393465e-06,-0.0001997181491,-3.2601145230000004,-1.865819766,-0.2207343169
-0.8429588101,-0.8346907665,-0.0001404126117,-0.002671429418,-0.003401874355,-3.401417939e-05,-0.01735805907,-0.01598183659,-2.297686917e-08,-0.003242311647,-0.002892086769,-0.0030553625550000002,1.7843687175091387,-5.31673218e-06,-0.01199162118,-0.01595693242,-0.01616182503,-0.012717473180000001,-0.001108562195
-0.0001311841368,-0.8496688542999999,-0.8442995348,-3.212191681e-05,-0.0033767408140000003,-0.0026626771210000004,-2.108481745e-08,-0.01597637713,-0.01742114627,-0.003189488153,-0.002929285027,-0.003125375106,-5.31673218e-06,1.8005965759548077,-0.01197802116,-0.01598940246,-0.01612164128,-0.01269896045,-0.0009904280132000001
-0.5427177494,-0.1627945499,-0.5395595087,-0.1089993142,-0.02954763477,-0.1087651517,-0.4307300095,-0.02060647269,-0.4269104482,-3.729308533,-0.000298239049,-5.382393465e-06,-0.01199162118,-0.01197802116,6.495694706522219,-0.08514946924,-8.368427402999999e-05,-1.713865722e-06,-0.28624720330000003
-0.7830672873,-0.5623422713,-0.7836784518000001,-0.2061576456,-0.1258758222,-0.2065629648,-0.7490100656,-0.9766886676000001,-0.7378773255000001,-1.7737560289999998,-1.679939493,-0.0001997181491,-0.01595693242,-0.01598940246,-0.08514946924,9.249896348190232,-0.038037786579999996,-8.084014113000001e-05,-0.5095261755
-0.5614104401,-0.7741040094,-0.562545828,-0.1247883872,-0.2025285695,-0.12249807210000001,-0.9649298015000001,-0.7673644641,-0.9562016164999999,-0.00015858244000000002,-1.396343458,-3.2601145230000004,-0.01616182503,-0.01612164128,-8.368427402999999e-05,-0.038037786579999996,10.29299349043403,-0.08036256043000001,-0.449238241
-0.7875846533,-0.2034248164,-0.7917229519,-0.19112481790000002,-0.03999117456,-0.18734365360000002,-0.5335769177,-0.03281089814,-0.5342745105000001,-3.06778012e-06,-0.0002563050417,-1.865819766,-0.012717473180000001,-0.01269896045,-1.713865722e-06,-8.084014113000001e-05,-0.08036256043000001,5.694072199488672,-0.4202771186
-0.019076134600000003,-0.2091208916,-0.009523105834000001,-0.004581916672,-0.0497455194,-0.002110905319,-0.4875376697,-0.4517151534,-0.4875924969,-0.2241415021,-0.15555221819999998,-0.2207343169,-0.001108562195,-0.0009904280132000001,-0.28624720330000003,-0.5095261755,-0.449238241,-0.4202771186,3.988819559233199
