  4.003988411E-14  2.205686055E-13  5.536459663E-14  2.185432887E-14  1.003901717E-14  5.039529088E-15  3.002822274E-15  1.383568111E-15 
  2.205686055E-13  6.909233507E-14  2.221851341E-13  5.809368198E-14  2.403200426E-14  1.146802810E-14  6.584671213E-15  2.979866741E-15 
  5.536459663E-14  2.221851341E-13  7.007961185E-14  2.089034743E-13  5.329055454E-14  2.200258258E-14  1.165973474E-14  5.088431778E-15 
  2.185432887E-14  5.809368198E-14  2.089034743E-13  6.958645820E-14  2.062248388E-13  5.229961553E-14  2.401596307E-14  9.974523201E-15 
  1.003901717E-14  2.403200426E-14  5.329055454E-14  2.062248388E-13  6.987581597E-14  2.062199272E-13  5.831217245E-14  2.185182810E-14 
  5.039529088E-15  1.146802810E-14  2.200258258E-14  5.229961553E-14  2.062199272E-13  6.900380121E-14  2.207060541E-13  5.327381337E-14 
  3.002822274E-15  6.584671213E-15  1.165973474E-14  2.401596307E-14  5.831217245E-14  2.207060541E-13  6.910985265E-14  2.124545817E-13 
  1.383568111E-15  2.979866741E-15  5.088431778E-15  9.974523201E-15  2.185182810E-14  5.327381337E-14  2.124545817E-13  3.953744233E-14 
