  2.296837043E-14  3.356506550E-13  6.457078918E-14  2.889136037E-14  1.616037605E-14  1.047836846E-14  7.761345345E-15  4.258630163E-15 
  3.356506550E-13  3.703226872E-14  3.408366000E-13  6.815237189E-14  3.255464572E-14  1.979797687E-14  1.423699116E-14  7.733673750E-15 
  6.457078918E-14  3.408366000E-13  3.716350949E-14  3.256702820E-13  6.252875582E-14  3.051901417E-14  1.993846333E-14  1.050320559E-14 
  2.889136037E-14  6.815237189E-14  3.256702820E-13  3.706263807E-14  3.264328870E-13  6.213075736E-14  3.267476081E-14  1.612327664E-14 
  1.616037605E-14  3.255464572E-14  6.252875582E-14  3.264328870E-13  3.703839165E-14  3.323218165E-13  6.738983185E-14  2.854377009E-14 
  1.047836846E-14  1.979797687E-14  3.051901417E-14  6.213075736E-14  3.323218165E-13  3.710884912E-14  3.483150212E-13  6.305601721E-14 
  7.761345345E-15  1.423699116E-14  1.993846333E-14  3.267476081E-14  6.738983185E-14  3.483150212E-13  3.706548102E-14  3.463461581E-13 
  4.258630163E-15  7.733673750E-15  1.050320559E-14  1.612327664E-14  2.854377009E-14  6.305601721E-14  3.463461581E-13  2.293161897E-14 
