  3.761001080E-14  2.301997741E-13  5.725862150E-14  2.325710090E-14  1.112136845E-14  5.794870601E-15  3.588557114E-15  1.650850928E-15 
  2.301997741E-13  6.366581996E-14  2.309752907E-13  5.972167764E-14  2.554952818E-14  1.265962300E-14  7.585428530E-15  3.435448280E-15 
  5.725862150E-14  2.309752907E-13  6.424730315E-14  2.169051280E-13  5.490534950E-14  2.330636934E-14  1.292146964E-14  5.658020091E-15 
  2.325710090E-14  5.972167764E-14  2.169051280E-13  6.393366342E-14  2.151768496E-13  5.395855321E-14  2.571589377E-14  1.070013761E-14 
  1.112136845E-14  2.554952818E-14  5.490534950E-14  2.151768496E-13  6.442723405E-14  2.194326680E-13  6.121780996E-14  2.271896073E-14 
  5.794870601E-15  1.265962300E-14  2.330636934E-14  5.395855321E-14  2.194326680E-13  6.404451392E-14  2.373878658E-13  5.471161928E-14 
  3.588557114E-15  7.585428530E-15  1.292146964E-14  2.571589377E-14  6.121780996E-14  2.373878658E-13  6.490659511E-14  2.315594548E-13 
  1.650850928E-15  3.435448280E-15  5.658020091E-15  1.070013761E-14  2.271896073E-14  5.471161928E-14  2.315594548E-13  3.682594599E-14 
