  1.650574317E-14  1.654148969E-13  4.438777558E-15  7.500966644E-12  4.315428485E-15  6.228155240E-16  2.968005579E-12  5.619798130E-14  1.263702369E-18  7.755275725E-13  1.645653443E-13  7.755040891E-13  3.526752547E-14  6.491677390E-13 
  1.654148969E-13  1.221256596E-14  1.684381352E-13  4.642537491E-15  7.047216931E-12  4.904063139E-15  5.597561566E-14  3.500012948E-12  5.609676150E-14  1.629597136E-13  7.727763338E-13  1.629877186E-13  7.049432121E-14  1.302435695E-12 
  4.438777558E-15  1.684381352E-13  8.926217475E-15  6.177948205E-16  4.543079656E-15  7.511303667E-12  1.283955720E-18  5.632035048E-14  2.968290890E-12  7.754626430E-13  1.646249386E-13  7.755545723E-13  3.512287911E-14  6.539380024E-13 
  7.500966644E-12  4.642537491E-15  6.177948205E-16  2.438536404E-15  4.799426519E-16  8.684691085E-17  2.756597600E-13  1.095906018E-16  1.767433804E-19  2.122764921E-13  1.201060246E-14  2.122365446E-13  9.538833524E-17  5.117078164E-16 
  4.315428485E-15  7.047216931E-12  4.543079656E-15  4.799426519E-16  1.692990474E-15  5.148563950E-16  1.047551898E-16  4.266493377E-13  1.044976651E-16  1.201251017E-14  2.128882937E-13  1.200380607E-14  1.812475199E-16  8.935097840E-16 
  6.228155240E-16  4.904063139E-15  7.511303667E-12  8.684691085E-17  5.148563950E-16  1.282700225E-15  1.810538745E-19  1.099689908E-16  2.756390226E-13  2.123048793E-13  1.201271888E-14  2.122265113E-13  9.462408770E-17  5.215720615E-16 
  2.968005579E-12  5.597561566E-14  1.283955720E-18  2.756597600E-13  1.047551898E-16  1.810538745E-19  5.477550614E-13  2.285791382E-13  1.882581315E-17  1.541469705E-12  1.105839137E-12  1.542116182E-12  6.294415977E-13  3.515597192E-14 
  5.619798130E-14  3.500012948E-12  5.632035048E-14  1.095906018E-16  4.266493377E-13  1.099689908E-16  2.285791382E-13  6.745904413E-13  2.292284129E-13  1.110307257E-12  1.543289987E-12  1.117716850E-12  1.255439362E-12  7.030532932E-14 
  1.263702369E-18  5.609676150E-14  2.968290890E-12  1.767433804E-19  1.044976651E-16  2.756390226E-13  1.882581315E-17  2.292284129E-13  5.477565363E-13  1.542649951E-12  1.100717514E-12  1.538193666E-12  6.355378632E-13  3.502958798E-14 
  7.755275725E-13  1.629597136E-13  7.754626430E-13  2.122764921E-13  1.201251017E-14  2.123048793E-13  1.541469705E-12  1.110307257E-12  1.542649951E-12  3.540403398E-13  6.454349451E-15  4.511611647E-16  3.710280435E-14  6.230934374E-15 
  1.645653443E-13  7.727763338E-13  1.646249386E-13  1.201060246E-14  2.128882937E-13  1.201271888E-14  1.105839137E-12  1.543289987E-12  1.100717514E-12  6.454349451E-15  2.208117877E-13  6.386537479E-15  3.771239372E-14  6.231004594E-15 
  7.755040891E-13  1.629877186E-13  7.755545723E-13  2.122365446E-13  1.200380607E-14  2.122265113E-13  1.542116182E-12  1.117716850E-12  1.538193666E-12  4.511611647E-16  6.386537479E-15  3.540454015E-13  3.717215322E-14  6.251628146E-15 
  3.526752547E-14  7.049432121E-14  3.512287911E-14  9.538833524E-17  1.812475199E-16  9.462408770E-17  6.294415977E-13  1.255439362E-12  6.355378632E-13  3.710280435E-14  3.771239372E-14  3.717215322E-14  2.747522629E-14  2.612901687E-14 
  6.491677390E-13  1.302435695E-12  6.539380024E-13  5.117078164E-16  8.935097840E-16  5.215720615E-16  3.515597192E-14  7.030532932E-14  3.502958798E-14  6.230934374E-15  6.231004594E-15  6.251628146E-15  2.612901687E-14  4.767708900E-16 
