  1.630712551E-14  1.458304408E-13  3.840418090E-15  1.373199075E-11  1.200763623E-14  8.510570293E-16  3.472529729E-12  5.481525501E-14  9.575819422E-19  9.321176513E-13  1.466847437E-13  1.467060384E-13  3.405763055E-14  2.541766942E-21  7.942361624E-13  1.424649566E-16 
  1.458304408E-13  1.174560867E-14  1.457500431E-13  1.210902933E-14  1.384420700E-11  1.244703685E-14  5.464060055E-14  3.356184275E-12  5.480275246E-14  1.450450498E-13  9.191758319E-13  1.450402273E-13  3.398418859E-14  3.396673065E-14  8.242603035E-13  7.079170042E-13 
  3.840418090E-15  1.457500431E-13  8.499758881E-15  8.491231264E-16  1.245187674E-14  1.389123528E-11  8.620185712E-19  5.388585477E-14  3.473144522E-12  1.466997217E-13  1.467866749E-13  9.324185348E-13  2.186891351E-21  3.397879451E-14  1.511674450E-16  8.379030453E-13 
  1.373199075E-11  1.210902933E-14  8.491231264E-16  3.631170696E-15  1.797259771E-15  1.882080539E-16  7.684188210E-13  3.169409400E-15  2.121188662E-19  2.308264860E-13  3.577453792E-14  3.570959067E-14  2.564375718E-15  5.533858342E-22  4.940082703E-15  3.140901547E-17 
  1.200763623E-14  1.384420700E-11  1.245187674E-14  1.797259771E-15  2.664152491E-15  1.888260563E-15  3.073609899E-15  7.520468205E-13  3.197587412E-15  3.565505049E-14  2.416938740E-13  3.568283481E-14  2.467272467E-15  2.584379496E-15  4.615379786E-15  5.183574489E-15 
  8.510570293E-16  1.244703685E-14  1.389123528E-11  1.882080539E-16  1.888260563E-15  1.867784010E-15  1.912830790E-19  3.068969359E-15  7.689259166E-13  3.571133039E-14  3.571283756E-14  2.305237433E-13  4.747696947E-22  2.494241593E-15  3.341276023E-17  4.568422711E-15 
  3.472529729E-12  5.464060055E-14  8.620185712E-19  7.684188210E-13  3.073609899E-15  1.912830790E-19  7.119230854E-13  2.494770495E-13  1.892048318E-17  1.503801532E-12  1.286792299E-12  1.189588723E-12  6.707100712E-13  3.014674980E-18  3.682186865E-14  3.106626788E-20 
  5.481525501E-14  3.356184275E-12  5.388585477E-14  3.169409400E-15  7.520468205E-13  3.068969359E-15  2.494770495E-13  7.052587031E-13  2.459710056E-13  1.161346975E-12  1.555448337E-12  1.202821370E-12  6.978490165E-13  7.240145943E-13  3.602741072E-14  3.748947948E-14 
  9.575819422E-19  5.480275246E-14  3.473144522E-12  2.121188662E-19  3.197587412E-15  7.689259166E-13  1.892048318E-17  2.459710056E-13  7.119180886E-13  1.146294919E-12  1.268386209E-12  1.507831733E-12  3.015334888E-18  7.035243346E-13  3.677156181E-20  3.535858439E-14 
  9.321176513E-13  1.450450498E-13  1.466997217E-13  2.308264860E-13  3.565505049E-14  3.571133039E-14  1.503801532E-12  1.161346975E-12  1.146294919E-12  2.515014734E-13  5.095899526E-15  6.969130423E-17  1.898117610E-14  1.807970840E-14  3.053512143E-15  2.989712980E-15 
  1.466847437E-13  9.191758319E-13  1.467866749E-13  3.577453792E-14  2.416938740E-13  3.571283756E-14  1.286792299E-12  1.555448337E-12  1.268386209E-12  5.095899526E-15  2.514888283E-13  5.075535374E-15  2.004768894E-14  1.923271658E-14  3.121321151E-15  3.086176909E-15 
  1.467060384E-13  1.450402273E-13  9.324185348E-13  3.570959067E-14  3.568283481E-14  2.305237433E-13  1.189588723E-12  1.202821370E-12  1.507831733E-12  6.969130423E-17  5.075535374E-15  2.514979544E-13  1.813943221E-14  1.889800121E-14  2.971298814E-15  3.039714712E-15 
  3.405763055E-14  3.398418859E-14  2.186891351E-21  2.564375718E-15  2.467272467E-15  4.747696947E-22  6.707100712E-13  6.978490165E-13  3.015334888E-18  1.898117610E-14  2.004768894E-14  1.813943221E-14  1.425835917E-14  4.782797565E-19  1.379228963E-14  1.086830422E-22 
  2.541766942E-21  3.396673065E-14  3.397879451E-14  5.533858342E-22  2.584379496E-15  2.494241593E-15  3.014674980E-18  7.240145943E-13  7.035243346E-13  1.807970840E-14  1.923271658E-14  1.889800121E-14  4.782797565E-19  1.425143775E-14  1.135221143E-22  1.379926524E-14 
  7.942361624E-13  8.242603035E-13  1.511674450E-16  4.940082703E-15  4.615379786E-15  3.341276023E-17  3.682186865E-14  3.602741072E-14  3.677156181E-20  3.053512143E-15  3.121321151E-15  2.971298814E-15  1.379228963E-14  1.135221143E-22  2.853844436E-16  5.903950420E-18 
  1.424649566E-16  7.079170042E-13  8.379030453E-13  3.140901547E-17  5.183574489E-15  4.568422711E-15  3.106626788E-20  3.748947948E-14  3.535858439E-14  2.989712980E-15  3.086176909E-15  3.039714712E-15  1.086830422E-22  1.379926524E-14  5.903950420E-18  1.928695331E-16 
