19.49211806309961,-0.1458304408,-0.00384041809,-13.73199075,-0.01200763623,-0.0008510570293,-3.472529729,-0.05481525501,-9.575819422e-07,-0.9321176513000001,-0.1466847437,-0.1467060384,-0.03405763055,-2.541766942e-09,-0.7942361624,-0.0001424649566,-0.01630712551
-0.1458304408,20.4471061227,-0.1457500431,-0.01210902933,-13.844206999999999,-0.01244703685,-0.05464060055,-3.356184275,-0.05480275246,-0.1450450498,-0.9191758319,-0.14504022730000002,-0.033984188590000006,-0.03396673065,-0.8242603035,-0.7079170042,-0.011745608670000001
-0.00384041809,-0.1457500431,19.687595679567863,-0.0008491231264000001,-0.01245187674,-13.89123528,-8.620185712e-07,-0.05388585477,-3.473144522,-0.1466997217,-0.1467866749,-0.9324185348,-2.1868913510000003e-09,-0.03397879451,-0.000151167445,-0.8379030453,-0.008499758881
-13.73199075,-0.01210902933,-0.0008491231264000001,14.832000466076023,-0.001797259771,-0.00018820805389999998,-0.768418821,-0.0031694094000000003,-2.121188662e-07,-0.23082648599999997,-0.03577453792,-0.03570959067,-0.002564375718,-5.533858342e-10,-0.004940082703,-3.140901547e-05,-0.0036311706960000007
-0.01200763623,-13.844206999999999,-0.01245187674,-0.001797259771,14.961216569143996,-0.001888260563,-0.003073609899,-0.7520468205,-0.003197587412,-0.035655050490000006,-0.241693874,-0.03568283481,-0.0024672724670000003,-0.002584379496,-0.0046153797860000005,-0.005183574489000001,-0.002664152491
-0.0008510570293,-0.01244703685,-13.89123528,-0.00018820805389999998,-0.001888260563,14.989516692537281,-1.91283079e-07,-0.0030689693590000003,-0.7689259166,-0.035711330390000004,-0.03571283756,-0.23052374330000003,-4.747696947e-10,-0.002494241593,-3.341276023e-05,-0.004568422711,-0.00186778401
-3.472529729,-0.05464060055,-8.620185712e-07,-0.768418821,-0.003073609899,-1.91283079e-07,9.94780040872508,-0.2494770495,-1.892048318e-05,-1.503801532,-1.286792299,-1.189588723,-0.6707100712,-3.01467498e-06,-0.03682186865,-3.1066267879999996e-08,-0.7119230854
-0.05481525501,-3.356184275,-0.05388585477,-0.0031694094000000003,-0.7520468205,-0.0030689693590000003,-0.2494770495,10.838874525239,-0.24597100560000001,-1.161346975,-1.555448337,-1.2028213700000001,-0.6978490165,-0.7240145943,-0.03602741072,-0.03748947948,-0.7052587031
-9.575819422e-07,-0.05480275246,-3.473144522,-2.121188662e-07,-0.003197587412,-0.7689259166,-1.892048318e-05,-0.24597100560000001,9.91937879495244,-1.146294919,-1.268386209,-1.507831733,-3.015334888e-06,-0.7035243346,-3.677156181e-08,-0.035358584389999996,-0.7119180886
-0.9321176513000001,-0.1450450498,-0.1466997217,-0.23082648599999997,-0.035655050490000006,-0.035711330390000004,-1.503801532,-1.161346975,-1.146294919,5.63726988953323,-0.005095899526000001,-6.969130423e-05,-0.0189811761,-0.0180797084,-0.003053512143,-0.0029897129800000003,-0.2515014734
-0.1466847437,-0.9191758319,-0.1467866749,-0.03577453792,-0.241693874,-0.03571283756,-1.286792299,-1.555448337,-1.268386209,-0.005095899526000001,5.943603511760002,-0.005075535374,-0.02004768894,-0.01923271658,-0.003121321151,-0.0030861769089999998,-0.2514888283
-0.1467060384,-0.14504022730000002,-0.9324185348,-0.03570959067,-0.03568283481,-0.23052374330000003,-1.189588723,-1.2028213700000001,-1.507831733,-6.969130423e-05,-0.005075535374,5.72601442330423,-0.01813943221,-0.018898001209999998,-0.002971298814,-0.003039714712,-0.2514979544
-0.03405763055,-0.033984188590000006,-2.1868913510000003e-09,-0.002564375718,-0.0024672724670000003,-4.747696947e-10,-0.6707100712,-0.6978490165,-3.015334888e-06,-0.0189811761,-0.02004768894,-0.01813943221,1.5268549974599888,-4.782797565e-07,-0.013792289630000001,-1.0868304220000001e-10,-0.014258359170000002
-2.541766942e-09,-0.03396673065,-0.03397879451,-5.533858342e-10,-0.002584379496,-0.002494241593,-3.01467498e-06,-0.7240145943,-0.7035243346,-0.0180797084,-0.01923271658,-0.018898001209999998,-4.782797565e-07,1.5848277004924114,-1.135221143e-10,-0.01379926524,-0.014251437750000002
-0.7942361624,-0.8242603035,-0.000151167445,-0.004940082703,-0.0046153797860000005,-3.341276023e-05,-0.03682186865,-0.03602741072,-3.677156181e-08,-0.003053512143,-0.003121321151,-0.002971298814,-0.013792289630000001,-1.135221143e-10,1.7243155349813337,-5.90395042e-06,-0.00028538444359999996
-0.0001424649566,-0.7079170042,-0.8379030453,-3.140901547e-05,-0.005183574489000001,-0.004568422711,-3.1066267879999996e-08,-0.03748947948,-0.035358584389999996,-0.0029897129800000003,-0.0030861769089999998,-0.003039714712,-1.0868304220000001e-10,-0.01379926524,-5.90395042e-06,1.6517076590415414,-0.0001928695331
-0.01630712551,-0.011745608670000001,-0.008499758881,-0.0036311706960000007,-0.002664152491,-0.00186778401,-0.7119230854,-0.7052587031,-0.7119180886,-0.2515014734,-0.2514888283,-0.2514979544,-0.014258359170000002,-0.014251437750000002,-0.00028538444359999996,-0.0001928695331,2.9572917843546995
