16.04633194901411,-0.1154056579,9.47065761e-12,-8.939005060000001,-9.327951812e-05,6.584311594e-13,-3.157932095,-0.06325188719000001,-6.701968256e-11,-1.435136806,-0.1976201454,-1.4383840970000001,-0.000129336807,-0.04049210589,-0.658520537,-0.00036094125210000004
-0.1154056579,14.394831512747322,-0.1132804659,-0.0001015452043,-6.238305967,-9.646485338e-05,-0.06313517417,-3.9017362330000003,-0.06282990901,-0.1962475338,-1.614536726,-0.1961856429,-0.3598197569,-0.07999123632,-1.453152327,-6.872789643e-06
9.47065761e-12,-0.1132804659,16.243488604017422,-1.3648460310000001e-10,-9.400772784e-05,-9.041380235,6.230975761e-12,-0.06301781246,-3.1591778820000003,-1.4351651490000001,-0.1976255857,-1.438110083,-0.0001270354647,-0.04000605771,-0.7551373471,-0.00036694283410000004
-8.939005060000001,-0.0001015452043,-1.3648460310000001e-10,9.589861344037903,-1.968058142e-07,-9.266080669000001e-12,-0.05391268336,-9.133606006e-05,5.043769953e-11,-0.2987896371,-0.0019139946800000001,-0.2958761168,-2.849133079e-07,-8.055265391e-05,-8.925280414e-05,-6.835610574999999e-07
-9.327951812e-05,-6.238305967,-9.400772784e-05,-1.968058142e-07,6.700532656226451,-1.864049463e-07,-8.481499397e-05,-0.07142985506999999,-8.634507307999999e-05,-0.001920657835,-0.32683382240000003,-0.0019245545040000001,-0.05945085832,-0.0001496254349,-0.0001583650287,-1.201100805e-07
6.584311594e-13,-9.646485338e-05,-9.041380235,-9.266080669000001e-12,-1.864049463e-07,9.692218888011546,6.582598433e-11,-8.773003863e-05,-0.053523930000000004,-0.29909897360000004,-0.001919435894,-0.2959506862,-2.879404638e-07,-7.590648525e-05,-8.440529976e-05,-6.463523367e-07
-3.157932095,-0.06313517417,6.230975761e-12,-0.05391268336,-8.481499397e-05,6.582598433e-11,8.698474743173062,-0.1710833961,-1.8158311480000002e-06,-1.406208743,-1.098267338,-1.3937134549999999,-0.00120067256,-0.6870985604000001,-0.03981568113,-0.6260203137
-0.06325188719000001,-3.9017362330000003,-0.06301781246,-9.133606006e-05,-0.07142985506999999,-8.773003863e-05,-0.1710833961,11.528906912478693,-0.1743313216,-1.238256985,-1.747935802,-1.126203228,-0.7184703541,-1.3850605520000001,-0.07933739896,-0.7886130209
-6.701968256e-11,-0.06282990901,-3.1591778820000003,5.043769953e-11,-8.634507307999999e-05,-0.053523930000000004,-1.8158311480000002e-06,-0.1743313216,8.68474129639981,-1.42019003,-1.081778839,-1.392441281,-0.001194200679,-0.6738008305000001,-0.039394128890000005,-0.6259907828000001
-1.435136806,-0.1962475338,-1.4351651490000001,-0.2987896371,-0.001920657835,-0.29909897360000004,-1.406208743,-1.238256985,-1.42019003,8.4748948220859,-0.008927416871,-0.0008969795329,-0.002576829631,-0.03166332014,-0.006611056376,-0.6932047042
-0.1976201454,-1.614536726,-0.1976255857,-0.0019139946800000001,-0.32683382240000003,-0.001919435894,-1.098267338,-1.747935802,-1.081778839,-0.008927416871,6.7693227428486,-0.00890293695,-0.0005673259176,-0.032813104919999996,-0.0067028153160000005,-0.44297745380000003
-1.4383840970000001,-0.1961856429,-1.438110083,-0.2958761168,-0.0019245545040000001,-0.2959506862,-1.3937134549999999,-1.126203228,-1.392441281,-0.0008969795329,-0.00890293695,8.3236189464359,-0.002569603441,-0.03263006057,-0.006623202438,-0.6932070191
-0.000129336807,-0.3598197569,-0.0001270354647,-2.849133079e-07,-0.05945085832,-2.879404638e-07,-0.00120067256,-0.7184703541,-0.001194200679,-0.002576829631,-0.0005673259176,-0.002569603441,1.2263652609448719,-0.0008021299719,-0.0002224882889,-0.07923409601
-0.04049210589,-0.07999123632,-0.04000605771,-8.055265391e-05,-0.0001496254349,-7.590648525e-05,-0.6870985604000001,-1.3850605520000001,-0.6738008305000001,-0.03166332014,-0.032813104919999996,-0.03263006057,-0.0008021299719,3.0710063640659597,-0.03028513006,-0.03605719101
-0.658520537,-1.453152327,-0.7551373471,-8.925280414e-05,-0.0001583650287,-8.440529976e-05,-0.03981568113,-0.07933739896,-0.039394128890000005,-0.006611056376,-0.0067028153160000005,-0.006623202438,-0.0002224882889,-0.03028513006,3.076134907827458,-7.721359581000001e-07
-0.00036094125210000004,-6.872789643e-06,-0.00036694283410000004,-6.835610574999999e-07,-1.201100805e-07,-6.463523367e-07,-0.6260203137,-0.7886130209,-0.6259907828000001,-0.6932047042,-0.44297745380000003,-0.6932070191,-0.07923409601,-0.03605719101,-7.721359581000001e-07,3.9860415605552757
