  3.609412521E-16  1.154056579E-13 -9.470657610E-24  8.939005060E-12  9.327951812E-17 -6.584311594E-25  3.157932095E-12  6.325188719E-14  6.701968256E-23  1.435136806E-12  1.976201454E-13  1.438384097E-12  1.293368070E-16  4.049210589E-14  6.585205370E-13 
  1.154056579E-13  6.872789643E-18  1.132804659E-13  1.015452043E-16  6.238305967E-12  9.646485338E-17  6.313517417E-14  3.901736233E-12  6.282990901E-14  1.962475338E-13  1.614536726E-12  1.961856429E-13  3.598197569E-13  7.999123632E-14  1.453152327E-12 
 -9.470657610E-24  1.132804659E-13  3.669428341E-16  1.364846031E-22  9.400772784E-17  9.041380235E-12 -6.230975761E-24  6.301781246E-14  3.159177882E-12  1.435165149E-12  1.976255857E-13  1.438110083E-12  1.270354647E-16  4.000605771E-14  7.551373471E-13 
  8.939005060E-12  1.015452043E-16  1.364846031E-22  6.835610575E-19  1.968058142E-19  9.266080669E-24  5.391268336E-14  9.133606006E-17 -5.043769953E-23  2.987896371E-13  1.913994680E-15  2.958761168E-13  2.849133079E-19  8.055265391E-17  8.925280414E-17 
  9.327951812E-17  6.238305967E-12  9.400772784E-17  1.968058142E-19  1.201100805E-19  1.864049463E-19  8.481499397E-17  7.142985507E-14  8.634507308E-17  1.920657835E-15  3.268338224E-13  1.924554504E-15  5.945085832E-14  1.496254349E-16  1.583650287E-16 
 -6.584311594E-25  9.646485338E-17  9.041380235E-12  9.266080669E-24  1.864049463E-19  6.463523367E-19 -6.582598433E-23  8.773003863E-17  5.352393000E-14  2.990989736E-13  1.919435894E-15  2.959506862E-13  2.879404638E-19  7.590648525E-17  8.440529976E-17 
  3.157932095E-12  6.313517417E-14 -6.230975761E-24  5.391268336E-14  8.481499397E-17 -6.582598433E-23  6.260203137E-13  1.710833961E-13  1.815831148E-18  1.406208743E-12  1.098267338E-12  1.393713455E-12  1.200672560E-15  6.870985604E-13  3.981568113E-14 
  6.325188719E-14  3.901736233E-12  6.301781246E-14  9.133606006E-17  7.142985507E-14  8.773003863E-17  1.710833961E-13  7.886130209E-13  1.743313216E-13  1.238256985E-12  1.747935802E-12  1.126203228E-12  7.184703541E-13  1.385060552E-12  7.933739896E-14 
  6.701968256E-23  6.282990901E-14  3.159177882E-12 -5.043769953E-23  8.634507308E-17  5.352393000E-14  1.815831148E-18  1.743313216E-13  6.259907828E-13  1.420190030E-12  1.081778839E-12  1.392441281E-12  1.194200679E-15  6.738008305E-13  3.939412889E-14 
  1.435136806E-12  1.962475338E-13  1.435165149E-12  2.987896371E-13  1.920657835E-15  2.990989736E-13  1.406208743E-12  1.238256985E-12  1.420190030E-12  6.932047042E-13  8.927416871E-15  8.969795329E-16  2.576829631E-15  3.166332014E-14  6.611056376E-15 
  1.976201454E-13  1.614536726E-12  1.976255857E-13  1.913994680E-15  3.268338224E-13  1.919435894E-15  1.098267338E-12  1.747935802E-12  1.081778839E-12  8.927416871E-15  4.429774538E-13  8.902936950E-15  5.673259176E-16  3.281310492E-14  6.702815316E-15 
  1.438384097E-12  1.961856429E-13  1.438110083E-12  2.958761168E-13  1.924554504E-15  2.959506862E-13  1.393713455E-12  1.126203228E-12  1.392441281E-12  8.969795329E-16  8.902936950E-15  6.932070191E-13  2.569603441E-15  3.263006057E-14  6.623202438E-15 
  1.293368070E-16  3.598197569E-13  1.270354647E-16  2.849133079E-19  5.945085832E-14  2.879404638E-19  1.200672560E-15  7.184703541E-13  1.194200679E-15  2.576829631E-15  5.673259176E-16  2.569603441E-15  7.923409601E-14  8.021299719E-16  2.224882889E-16 
  4.049210589E-14  7.999123632E-14  4.000605771E-14  8.055265391E-17  1.496254349E-16  7.590648525E-17  6.870985604E-13  1.385060552E-12  6.738008305E-13  3.166332014E-14  3.281310492E-14  3.263006057E-14  8.021299719E-16  3.605719101E-14  3.028513006E-14 
  6.585205370E-13  1.453152327E-12  7.551373471E-13  8.925280414E-17  1.583650287E-16  8.440529976E-17  3.981568113E-14  7.933739896E-14  3.939412889E-14  6.611056376E-15  6.702815316E-15  6.623202438E-15  2.224882889E-16  3.028513006E-14  7.721359581E-19 
