  1.436186930E-14  2.149001556E-13  7.396426717E-15  5.642153006E-12  1.353491276E-14  2.011303029E-15  2.199572339E-12  1.004246808E-13  2.589704635E-18  1.054628024E-12  1.163724579E-13  1.042282118E-12  1.199914858E-12  3.422761756E-16 
  2.149001556E-13  1.198641672E-14  2.053044370E-13  1.169735369E-14  5.924557574E-12  1.241731328E-14  9.456360428E-14  3.001781601E-12  9.453456787E-14  1.189560255E-13  1.036947164E-12  1.194129822E-13  1.213414753E-12  1.262824389E-12 
  7.396426717E-15  2.053044370E-13  1.090901647E-14  2.102618909E-15  1.232431286E-14  5.930642998E-12  2.631892016E-18  9.816063079E-14  2.225082127E-12  1.051299082E-12  1.163925659E-13  1.081158562E-12  3.524482746E-16  1.246636782E-12 
  5.642153006E-12  1.169735369E-14  2.102618909E-15  4.132702455E-15  2.700703625E-15  5.725567555E-16  5.547459635E-13  1.037959807E-15  7.364982098E-19  3.743474068E-13  3.384047586E-14  3.869338552E-13  2.188241321E-15  9.573386629E-17 
  1.353491276E-14  5.924557574E-12  1.232431286E-14  2.700703625E-15  3.563084290E-15  2.588566236E-15  1.711379871E-15  8.832791851E-13  1.073261362E-15  3.399621788E-14  3.823070979E-13  3.351185760E-14  2.792618358E-15  2.173410109E-15 
  2.011303029E-15  1.241731328E-14  5.930642998E-12  5.725567555E-16  2.588566236E-15  2.950314861E-15  7.143356422E-19  1.466013175E-15  5.315152745E-13  3.778863486E-13  3.365172867E-14  3.482208472E-13  9.467430332E-17  2.484418785E-15 
  2.199572339E-12  9.456360428E-14  2.631892016E-18  5.547459635E-13  1.711379871E-15  7.143356422E-19  5.488438075E-13  5.639764332E-13  5.004373293E-17  1.090241299E-12  6.316284583E-13  1.058088130E-12  5.588632350E-14  1.221342668E-19 
  1.004246808E-13  3.001781601E-12  9.816063079E-14  1.037959807E-15  8.832791851E-13  1.466013175E-15  5.639764332E-13  7.932602629E-13  5.612249689E-13  6.260089131E-13  1.069854834E-12  6.510552613E-13  5.831447117E-14  5.950225664E-14 
  2.589704635E-18  9.453456787E-14  2.225082127E-12  7.364982098E-19  1.073261362E-15  5.315152745E-13  5.004373293E-17  5.612249689E-13  5.489611177E-13  1.079122447E-12  6.314576598E-13  1.078876490E-12  1.235672829E-19  5.496685676E-14 
  1.054628024E-12  1.189560255E-13  1.051299082E-12  3.743474068E-13  3.399621788E-14  3.778863486E-13  1.090241299E-12  6.260089131E-13  1.079122447E-12  5.709057058E-13  1.844710575E-15  1.939969641E-17  7.144563852E-15  6.953525025E-15 
  1.163724579E-13  1.036947164E-12  1.163925659E-13  3.384047586E-14  3.823070979E-13  3.365172867E-14  6.316284583E-13  1.069854834E-12  6.314576598E-13  1.844710575E-15  3.271585230E-13  1.852538041E-15  6.994499160E-15  7.193823055E-15 
  1.042282118E-12  1.194129822E-13  1.081158562E-12  3.869338552E-13  3.351185760E-14  3.482208472E-13  1.058088130E-12  6.510552613E-13  1.078876490E-12  1.939969641E-17  1.852538041E-15  5.710021497E-13  7.241724783E-15  6.958444101E-15 
  1.199914858E-12  1.213414753E-12  3.524482746E-16  2.188241321E-15  2.792618358E-15  9.467430332E-17  5.588632350E-14  5.831447117E-14  1.235672829E-19  7.144563852E-15  6.994499160E-15  7.241724783E-15  4.111582393E-16  1.792724001E-17 
  3.422761756E-16  1.262824389E-12  1.246636782E-12  9.573386629E-17  2.173410109E-15  2.484418785E-15  1.221342668E-19  5.950225664E-14  5.496685676E-14  6.953525025E-15  7.193823055E-15  6.958444101E-15  1.792724001E-17  3.502931191E-16 
