11.607897016986234,-0.2149001556,-0.007396426717,-5.642153006,-0.013534912760000002,-0.002011303029,-2.1995723390000004,-0.10042468080000001,-2.589704635e-06,-1.054628024,-0.11637245789999999,-1.042282118,-1.199914858,-0.0003422761756,-0.0143618693
-0.2149001556,13.323298337139999,-0.205304437,-0.01169735369,-5.924557574,-0.01241731328,-0.09456360428,-3.001781601,-0.09453456787,-0.11895602549999999,-1.036947164,-0.11941298219999999,-1.2134147530000001,-1.262824389,-0.01198641672
-0.007396426717,-0.205304437,11.987764639812616,-0.002102618909,-0.01232431286,-5.930642998,-2.631892016e-06,-0.09816063079000001,-2.225082127,-1.051299082,-0.11639256590000001,-1.081158562,-0.0003524482746,-1.246636782,-0.01090901647
-5.642153006,-0.01169735369,-0.002102618909,7.016549314287001,-0.002700703625,-0.0005725567555,-0.5547459635,-0.001037959807,-7.364982098e-07,-0.3743474068,-0.03384047586,-0.3869338552,-0.002188241321,-9.573386629000001e-05,-0.004132702455
-0.013534912760000002,-5.924557574,-0.01232431286,-0.002700703625,7.300114181950999,-0.002588566236,-0.001711379871,-0.8832791851,-0.0010732613620000001,-0.03399621788,-0.3823070979,-0.0335118576,-0.002792618358,-0.002173410109,-0.0035630842900000004
-0.002011303029,-0.01241731328,-5.930642998,-0.0005725567555,-0.002588566236,7.246503071730462,-7.143356421999999e-07,-0.001466013175,-0.5315152744999999,-0.3778863486,-0.03365172867,-0.34822084719999996,-9.467430332e-05,-0.0024844187850000003,-0.002950314861
-2.1995723390000004,-0.09456360428,-2.631892016e-06,-0.5547459635,-0.001711379871,-7.143356421999999e-07,6.7993112502458555,-0.5639764332,-5.0043732930000005e-05,-1.090241299,-0.6316284582999999,-1.05808813,-0.0558863235,-1.221342668e-07,-0.5488438075000001
-0.10042468080000001,-3.001781601,-0.09816063079000001,-0.001037959807,-0.8832791851,-0.001466013175,-0.5639764332,8.469347471882,-0.5612249689000001,-0.6260089131000001,-1.069854834,-0.6510552613,-0.05831447116999999,-0.05950225664,-0.7932602629000001
-2.589704635e-06,-0.09453456787,-2.225082127,-7.364982098e-07,-0.0010732613620000001,-0.5315152744999999,-5.0043732930000005e-05,-0.5612249689000001,6.8068682643950575,-1.079122447,-0.6314576598,-1.07887649,-1.235672829e-07,-0.05496685676,-0.5489611177
-1.054628024,-0.11895602549999999,-1.051299082,-0.3743474068,-0.03399621788,-0.3778863486,-1.090241299,-0.6260089131000001,-1.079122447,6.393353668828409,-0.001844710575,-1.939969641e-05,-0.007144563852,-0.006953525025000001,-0.5709057058
-0.11637245789999999,-1.036947164,-0.11639256590000001,-0.03384047586,-0.3823070979,-0.03365172867,-0.6316284582999999,-1.069854834,-0.6314576598,-0.001844710575,4.397496536161,-0.0018525380409999998,-0.00699449916,-0.007193823055,-0.32715852300000003
-1.042282118,-0.11941298219999999,-1.081158562,-0.3869338552,-0.0335118576,-0.34822084719999996,-1.05808813,-0.6510552613,-1.07887649,-1.939969641e-05,-0.0018525380409999998,6.386614359821411,-0.007241724783,-0.006958444101,-0.5710021497000001
-1.199914858,-1.2134147530000001,-0.0003524482746,-0.002188241321,-0.002792618358,-9.467430332e-05,-0.0558863235,-0.05831447116999999,-1.235672829e-07,-0.007144563852,-0.00699449916,-0.007241724783,2.5547683847685128,-1.792724001e-05,-0.0004111582393
-0.0003422761756,-1.262824389,-1.246636782,-9.573386629000001e-05,-0.002173410109,-0.0024844187850000003,-1.221342668e-07,-0.05950225664,-0.05496685676,-0.006953525025000001,-0.007193823055,-0.006958444101,-1.792724001e-05,2.650500258010267,-0.0003502931191
-0.0143618693,-0.01198641672,-0.01090901647,-0.004132702455,-0.0035630842900000004,-0.002950314861,-0.5488438075000001,-0.7932602629000001,-0.5489611177,-0.5709057058,-0.32715852300000003,-0.5710021497000001,-0.0004111582393,-0.0003502931191,3.4087964220544005
