  1.600379882E-14  1.600954314E-13  4.157082826E-15  9.105367432E-12  1.044349344E-14  7.402572013E-16  2.969360032E-12  5.407368297E-14  1.883082424E-18  7.153019582E-13  1.431643828E-13  7.153381534E-13  3.344032447E-14  2.134137822E-20  5.138102312E-13  1.507821814E-16 
  1.600954314E-13  1.207593784E-14  1.615903782E-13  1.007281948E-14  8.658333507E-12  1.033330631E-14  5.384155889E-14  3.453109103E-12  5.385390414E-14  1.415004268E-13  7.265362629E-13  1.414919039E-13  3.330181787E-14  3.331770153E-14  5.102759414E-13  5.077643316E-13 
  4.157082826E-15  1.615903782E-13  8.650386201E-15  7.367205640E-16  1.073558000E-14  9.104500887E-12  1.728123027E-18  5.408585012E-14  2.969191865E-12  7.152820486E-13  1.432074621E-13  7.154067353E-13  2.030809493E-20  3.343171662E-14  1.598509741E-16  5.212881453E-13 
  9.105367432E-12  1.007281948E-14  7.367205640E-16  2.934228635E-15  1.094464662E-15  1.312771270E-16  3.925249192E-13  2.522248941E-15  3.346515865E-19  2.128820658E-13  3.325906189E-14  2.128181377E-13  1.876611100E-15  3.757855577E-21  5.012611860E-15  2.655141085E-17 
  1.044349344E-14  8.658333507E-12  1.073558000E-14  1.094464662E-15  2.100895926E-15  1.144857372E-15  2.763933523E-15  5.183972850E-13  2.774286845E-15  3.320213570E-14  2.118937952E-13  3.321311441E-14  2.061966513E-15  2.071955183E-15  5.447484133E-15  5.479428407E-15 
  7.402572013E-16  1.033330631E-14  9.104500887E-12  1.312771270E-16  1.144857372E-15  1.557077927E-15  3.086624445E-19  2.504348085E-15  3.926003038E-13  2.128916608E-13  3.322919227E-14  2.128372130E-13  3.589186163E-21  1.863620301E-15  2.829544804E-17  4.955588375E-15 
  2.969360032E-12  5.384155889E-14  1.728123027E-18  3.925249192E-13  2.763933523E-15  3.086624445E-19  5.674238678E-13  2.419842302E-13  2.250325362E-17  1.348512249E-12  1.100215453E-12  1.354099339E-12  6.381024384E-13  3.608348078E-18  3.538075126E-14  6.101591540E-20 
  5.407368297E-14  3.453109103E-12  5.408585012E-14  2.522248941E-15  5.183972850E-13  2.504348085E-15  2.419842302E-13  6.821138393E-13  2.421639823E-13  1.102388726E-12  1.506228552E-12  1.109036865E-12  6.365558978E-13  6.296836627E-13  3.539637634E-14  3.546183457E-14 
  1.883082424E-18  5.385390414E-14  2.969191865E-12  3.346515865E-19  2.774286845E-15  3.926003038E-13  2.250325362E-17  2.421639823E-13  5.673964907E-13  1.354472495E-12  1.098701858E-12  1.346771029E-12  3.605231852E-18  6.386272777E-13  7.075483485E-20  3.530292093E-14 
  7.153019582E-13  1.415004268E-13  7.152820486E-13  2.128820658E-13  3.320213570E-14  2.128916608E-13  1.348512249E-12  1.102388726E-12  1.354472495E-12  3.343905339E-13  7.213344093E-15  7.588238292E-16  1.825933407E-14  1.824796422E-14  2.959044579E-15  2.982595663E-15 
  1.431643828E-13  7.265362629E-13  1.432074621E-13  3.325906189E-14  2.118937952E-13  3.322919227E-14  1.100215453E-12  1.506228552E-12  1.098701858E-12  7.213344093E-15  2.129656237E-13  7.135906819E-15  1.735120877E-14  1.807781155E-14  2.978143672E-15  2.976632620E-15 
  7.153381534E-13  1.414919039E-13  7.154067353E-13  2.128181377E-13  3.321311441E-14  2.128372130E-13  1.354099339E-12  1.109036865E-12  1.346771029E-12  7.588238292E-16  7.135906819E-15  3.344018601E-13  1.844842245E-14  1.708613819E-14  2.973071304E-15  2.971189458E-15 
  3.344032447E-14  3.330181787E-14  2.030809493E-20  1.876611100E-15  2.061966513E-15  3.589186163E-21  6.381024384E-13  6.365558978E-13  3.605231852E-18  1.825933407E-14  1.735120877E-14  1.844842245E-14  1.373682725E-14  5.783526535E-19  1.299745592E-14  7.938587441E-22 
  2.134137822E-20  3.331770153E-14  3.343171662E-14  3.757855577E-21  2.071955183E-15  1.863620301E-15  3.608348078E-18  6.296836627E-13  6.386272777E-13  1.824796422E-14  1.807781155E-14  1.708613819E-14  5.783526535E-19  1.373740248E-14  8.889830745E-22  1.299469481E-14 
  5.138102312E-13  5.102759414E-13  1.598509741E-16  5.012611860E-15  5.447484133E-15  2.829544804E-17  3.538075126E-14  3.539637634E-14  7.075483485E-20  2.959044579E-15  2.978143672E-15  2.973071304E-15  1.299745592E-14  8.889830745E-22  2.822676251E-16  6.124502303E-18 
  1.507821814E-16  5.077643316E-13  5.212881453E-13  2.655141085E-17  5.479428407E-15  4.955588375E-15  6.101591540E-20  3.546183457E-14  3.530292093E-14  2.982595663E-15  2.976632620E-15  2.971189458E-15  7.938587441E-22  1.299469481E-14  6.124502303E-18  1.947913772E-16 
