  1.403078571E-14  1.456971778E-13  3.458306081E-15  7.731928035E-12  1.170021894E-14  1.021527744E-15  1.710884575E-12  6.295174556E-14  8.889121267E-19  1.024906875E-12  1.501132147E-13  1.034387019E-12  7.176449865E-13  1.396764253E-16 
  1.456971778E-13  1.040496913E-14  1.477637940E-13  1.114747330E-14  7.780976197E-12  1.164634624E-14  6.003623648E-14  2.519372151E-12  6.006759346E-14  1.505705371E-13  1.013023928E-12  1.513737225E-13  7.253660852E-13  7.355050306E-13 
  3.458306081E-15  1.477637940E-13  7.866262970E-15  1.009820350E-15  1.222152934E-14  7.682605137E-12  8.419224454E-19  6.264678215E-14  1.706750160E-12  1.024507626E-12  1.498461231E-13  1.031054298E-12  1.474392591E-16  7.304438768E-13 
  7.731928035E-12  1.114747330E-14  1.009820350E-15  4.149796194E-15  2.264316013E-15  2.984277579E-16  4.682966096E-13  2.622122630E-15  2.601413356E-19  3.449035189E-13  4.608884433E-14  3.354993710E-13  3.439058420E-15  4.056917611E-17 
  1.170021894E-14  7.780976197E-12  1.222152934E-14  2.264316013E-15  3.104411486E-15  2.419759305E-15  2.791609008E-15  7.366754876E-13  2.864497221E-15  4.645304955E-14  3.505445880E-13  4.559243208E-14  3.677025108E-15  3.799328803E-15 
  1.021527744E-15  1.164634624E-14  7.682605137E-12  2.984277579E-16  2.419759305E-15  2.292633020E-15  2.490380488E-19  2.672290893E-15  4.723363233E-13  3.454028505E-13  4.641536418E-14  3.389219347E-13  4.333565213E-17  3.464390068E-15 
  1.710884575E-12  6.003623648E-14  8.419224454E-19  4.682966096E-13  2.791609008E-15  2.490380488E-19  4.301035710E-13  3.797135189E-13  3.600152395E-18  1.114725976E-12  8.032032653E-13  1.114457833E-12  3.580940188E-14  3.330458515E-20 
  6.295174556E-14  2.519372151E-12  6.264678215E-14  2.622122630E-15  7.366754876E-13  2.672290893E-15  3.797135189E-13  6.533960553E-13  3.764577870E-13  8.252592544E-13  1.144498717E-12  8.113854408E-13  3.781217424E-14  3.799002019E-14 
  8.889121267E-19  6.006759346E-14  1.706750160E-12  2.601413356E-19  2.864497221E-15  4.723363233E-13  3.600152395E-18  3.764577870E-13  4.300606558E-13  1.109614150E-12  8.058488549E-13  1.113572631E-12  3.687521209E-20  3.561279815E-14 
  1.024906875E-12  1.505705371E-13  1.024507626E-12  3.449035189E-13  4.645304955E-14  3.454028505E-13  1.114725976E-12  8.252592544E-13  1.109614150E-12  5.562708541E-13  5.590996589E-15  4.403063590E-16  5.510211641E-15  5.429116255E-15 
  1.501132147E-13  1.013023928E-12  1.498461231E-13  4.608884433E-14  3.505445880E-13  4.641536418E-14  8.032032653E-13  1.144498717E-12  8.058488549E-13  5.590996589E-15  3.334234319E-13  5.592118422E-15  5.415578052E-15  5.445414830E-15 
  1.034387019E-12  1.513737225E-13  1.031054298E-12  3.354993710E-13  4.559243208E-14  3.389219347E-13  1.114457833E-12  8.113854408E-13  1.113572631E-12  4.403063590E-16  5.592118422E-15  5.562941845E-13  5.467571767E-15  5.503440961E-15 
  7.176449865E-13  7.253660852E-13  1.474392591E-16  3.439058420E-15  3.677025108E-15  4.333565213E-17  3.580940188E-14  3.781217424E-14  3.687521209E-20  5.510211641E-15  5.415578052E-15  5.467571767E-15  2.832962934E-16  6.316656130E-18 
  1.396764253E-16  7.355050306E-13  7.304438768E-13  4.056917611E-17  3.799328803E-15  3.464390068E-15  3.330458515E-20  3.799002019E-14  3.561279815E-14  5.429116255E-15  5.445414830E-15  5.503440961E-15  6.316656130E-18  2.067401716E-16 
