10.74559733822,-0.04260528192,-0.2952714069,-9.700035586,-0.7076850634
-0.04260528192,10.73882400152,-0.2885428505,-9.699993851,-0.7076820181000001
-0.2952714069,-0.2885428505,1.15098145495,-0.5286020046,-0.03856519295
-9.700035586,-9.699993851,-0.5286020046,19.94127370251,-0.012642260910000001
-0.7076850634,-0.7076820181000001,-0.03856519295,-0.012642260910000001,1.4665745353600002
