14.1404252827623,-0.16264132650000002,-0.004228646789,-8.679627723000001,-0.006624571698,-0.0007106979334,-2.652496837,-0.05420739,-1.38689945e-06,-0.8938471499,-0.1472037537,-0.8938569946,-0.03461639911,-7.486648526999999e-09,-0.5940398892000001,-0.00015208919580000002,-0.01617041975
-0.16264132650000002,14.39570851639,-0.1639556855,-0.007101432961,-8.140483960000001,-0.007400318179,-0.052849264709999996,-3.331518178,-0.0529635771,-0.1467874266,-0.889401035,-0.1467440637,-0.03455786656,-0.034682426520000004,-0.61773852,-0.5949061783,-0.01197725676
-0.004228646789,-0.1639556855,14.14579304305035,-0.0007078642875,-0.006876080097000001,-8.660570965,-1.298597897e-06,-0.05407159238,-2.6527979000000004,-0.8938657057,-0.1472285797,-0.8939149056,-8.665253756e-09,-0.03445386876,-0.0001611085987,-0.6242183776000001,-0.008740455775
-8.679627723000001,-0.007101432961,-0.0007078642875,9.503922817316145,-0.0007938002526,-0.0001190420844,-0.3029122555,-0.0008824133671,-2.3278908590000003e-07,-0.2380142715,-0.03054116333,-0.2379613106,-0.000754285546,-1.241877628e-09,-0.001709234439,-2.5308844579999998e-05,-0.002772477573
-0.006624571698,-8.140483960000001,-0.006876080097000001,-0.0007938002526,8.9164561216273,-0.0008392654826999999,-0.0008084179931,-0.4534630262,-0.0008093463036,-0.030507669279999997,-0.2382059971,-0.03055983095,-0.0006990552423,-0.0007035805029999999,-0.001561935058,-0.0015912886119999999,-0.001928296855
-0.0007106979334,-0.007400318179,-8.660570965,-0.0001190420844,-0.0008392654826999999,9.483866712889395,-2.188212127e-07,-0.0008858691233,-0.30289471490000003,-0.2380134606,-0.030540602200000003,-0.23795466310000002,-1.43974173e-09,-0.0007496126947000001,-2.692880394e-05,-0.0016901083580000001,-0.0014702441689999999
-2.652496837,-0.052849264709999996,-1.298597897e-06,-0.3029122555,-0.0008084179931,-2.188212127e-07,8.545104380607059,-0.2076438142,-1.473820559e-05,-1.533413101,-1.110102713,-1.5308660219999999,-0.6209534826,-2.914624139e-06,-0.033292060330000005,-4.542512063e-08,-0.4997471966
-0.05420739,-3.331518178,-0.05407159238,-0.0008824133671,-0.4534630262,-0.0008858691233,-0.2076438142,10.0789276444604,-0.2077515868,-1.133604398,-1.5349657380000001,-1.129895385,-0.6323872537,-0.6185679464,-0.03404765384,-0.03444168005,-0.6505937194
-1.38689945e-06,-0.0529635771,-2.6527979000000004,-2.3278908590000003e-07,-0.0008093463036,-0.30289471490000003,-1.473820559e-05,-0.2077515868,8.550125410301083,-1.5291722840000002,-1.107014848,-1.533996569,-2.9220569130000002e-06,-0.6300308193,-5.15764451e-08,-0.03293032797,-0.4997441054
-0.8938471499,-0.1467874266,-0.8938657057,-0.2380142715,-0.030507669279999997,-0.2380134606,-1.533413101,-1.133604398,-1.5291722840000002,7.098064383358101,-0.008281253192,-0.0005952849601,-0.02075409631,-0.021003934720000002,-0.004086843566,-0.00406229703,-0.402055207
-0.1472037537,-0.889401035,-0.1472285797,-0.03054116333,-0.2382059971,-0.030540602200000003,-1.110102713,-1.5349657380000001,-1.107014848,-0.008281253192,5.547181895056001,-0.008327316415000001,-0.02122453708,-0.02118433135,-0.004071953317000001,-0.004081872172,-0.24480620150000004
-0.8938569946,-0.1467440637,-0.8939149056,-0.2379613106,-0.03055983095,-0.23795466310000002,-1.5308660219999999,-1.129895385,-1.533996569,-0.0005952849601,-0.008327316415000001,7.0969248368641,-0.02123747317,-0.020802498739999998,-0.0040969238129999995,-0.004062989916,-0.40205260530000003
-0.03461639911,-0.03455786656,-8.665253756e-09,-0.000754285546,-0.0006990552423,-1.43974173e-09,-0.6209534826,-0.6323872537,-2.9220569130000002e-06,-0.02075409631,-0.02122453708,-0.02123747317,1.4139963739746946,-5.845177523e-07,-0.01306958115,-3.367337985e-10,-0.01373882649
-7.486648526999999e-09,-0.034682426520000004,-0.03445386876,-1.241877628e-09,-0.0007035805029999999,-0.0007496126947000001,-2.914624139e-06,-0.6185679464,-0.6300308193,-0.021003934720000002,-0.02118433135,-0.020802498739999998,-5.845177523e-07,1.409010073983592,-3.054746902e-10,-0.01309141938,-0.01373612744
-0.5940398892000001,-0.61773852,-0.0001611085987,-0.001709234439,-0.001561935058,-2.692880394e-05,-0.033292060330000005,-0.03404765384,-5.15764451e-08,-0.004086843566,-0.004071953317000001,-0.0040969238129999995,-0.01306958115,-3.054746902e-10,1.3081909389867687,-6.122555509000001e-06,-0.0002821324337
-0.00015208919580000002,-0.5949061783,-0.6242183776000001,-2.5308844579999998e-05,-0.0015912886119999999,-0.0016901083580000001,-4.542512063e-08,-0.03444168005,-0.03293032797,-0.00406229703,-0.004081872172,-0.004062989916,-3.367337985e-10,-0.01309141938,-6.122555509000001e-06,1.3154547990387435,-0.000194693293
-0.01617041975,-0.01197725676,-0.008740455775,-0.002772477573,-0.001928296855,-0.0014702441689999999,-0.4997471966,-0.6505937194,-0.4997441054,-0.402055207,-0.24480620150000004,-0.40205260530000003,-0.01373882649,-0.01373612744,-0.0002821324337,-0.000194693293,2.7700099657387
