  1.717793378E-14  4.669400409E-13  6.475137109E-14  3.003951085E-14  1.829419747E-14  1.302431716E-14  1.043864261E-14  6.356407437E-15 
  4.669400409E-13  2.571927415E-14  4.668205860E-13  6.320524223E-14  3.335520155E-14  2.223138323E-14  1.722752697E-14  1.037083320E-14 
  6.475137109E-14  4.668205860E-13  2.572592700E-14  4.891197775E-13  5.589373387E-14  3.108229995E-14  2.192637659E-14  1.277443695E-14 
  3.003951085E-14  6.320524223E-14  4.891197775E-13  2.570368154E-14  4.824202061E-13  5.871203268E-14  3.355320948E-14  1.818199811E-14 
  1.829419747E-14  3.335520155E-14  5.589373387E-14  4.824202061E-13  2.572084649E-14  4.658187443E-13  6.568804194E-14  3.028902268E-14 
  1.302431716E-14  2.223138323E-14  3.108229995E-14  5.871203268E-14  4.658187443E-13  2.572995817E-14  4.785165182E-13  6.194679265E-14 
  1.043864261E-14  1.722752697E-14  2.192637659E-14  3.355320948E-14  6.568804194E-14  4.785165182E-13  2.572132603E-14  5.101185304E-13 
  6.356407437E-15  1.037083320E-14  1.277443695E-14  1.818199811E-14  3.028902268E-14  6.194679265E-14  5.101185304E-13  1.718966024E-14 
