  4.272270005E-14  2.047947073E-13  5.315696672E-14  2.073411164E-14  9.198445083E-15  4.566279001E-15  2.625621376E-15  1.198523187E-15 
  2.047947073E-13  7.395597492E-14  2.101700556E-13  5.546655887E-14  2.236585653E-14  1.056334986E-14  5.833393153E-15  2.607598188E-15 
  5.315696672E-14  2.101700556E-13  7.490686532E-14  1.968848879E-13  5.065436087E-14  2.090700811E-14  1.062306562E-14  4.556970566E-15 
  2.073411164E-14  5.546655887E-14  1.968848879E-13  7.466652947E-14  1.937506006E-13  5.108466442E-14  2.263019367E-14  9.223107418E-15 
  9.198445083E-15  2.236585653E-14  5.065436087E-14  1.937506006E-13  7.433588858E-14  1.966398972E-13  5.541393242E-14  2.052980992E-14 
  4.566279001E-15  1.056334986E-14  2.090700811E-14  5.108466442E-14  1.966398972E-13  7.485699084E-14  2.094300586E-13  5.288490377E-14 
  2.625621376E-15  5.833393153E-15  1.062306562E-14  2.263019367E-14  5.541393242E-14  2.094300586E-13  7.413756632E-14  2.050867848E-13 
  1.198523187E-15  2.607598188E-15  4.556970566E-15  9.223107418E-15  2.052980992E-14  5.288490377E-14  2.050867848E-13  4.263549251E-14 
