  2.057709946E-14  2.880941880E-13  7.271542513E-15  1.465407395E-11  2.486292619E-14  2.253135611E-15  3.598667671E-12  1.335580090E-13  1.988778988E-18  1.944597223E-12  1.511252266E-13  1.967974063E-12  1.390781681E-12  2.933088919E-16 
  2.880941880E-13  1.570668599E-14  2.893423059E-13  2.509012330E-14  1.473028210E-11  2.501562109E-14  1.283752117E-13  5.232685075E-12  1.286400519E-13  1.549858818E-13  1.944827134E-12  1.550958743E-13  1.357282555E-12  1.353250204E-12 
  7.271542513E-15  2.893423059E-13  1.271587423E-14  2.345437433E-15  2.577080458E-14  1.449253661E-11  1.857312989E-18  1.338155386E-13  3.642427929E-12  1.943594055E-12  1.517037336E-13  1.980209912E-12  3.069232613E-16  1.374932682E-12 
  1.465407395E-11  2.509012330E-14  2.345437433E-15  6.620630450E-15  5.435784241E-15  7.272001552E-16  1.069723607E-12  6.632092360E-15  6.424649389E-19  7.321304603E-13  4.810868809E-14  7.088982707E-13  8.019349460E-15  9.420578663E-17 
  2.486292619E-14  1.473028210E-11  2.577080458E-14  5.435784241E-15  5.124691765E-15  5.449249227E-15  6.388351917E-15  1.705424664E-12  6.496753050E-15  4.807879944E-14  7.201157268E-13  4.783403175E-14  7.993636349E-15  8.112399098E-15 
  2.253135611E-15  2.501562109E-14  1.449253661E-11  7.272001552E-16  5.449249227E-15  3.884229173E-15  5.763668789E-19  6.759069126E-15  1.024969545E-12  7.332837717E-13  4.756120867E-14  6.965998372E-13  9.470350629E-17  8.113079969E-15 
  3.598667671E-12  1.283752117E-13  1.857312989E-18  1.069723607E-12  6.388351917E-15  5.763668789E-19  9.212087796E-13  7.942954125E-13  8.704368570E-18  1.394480757E-12  7.598496910E-13  1.388676799E-12  7.580412434E-14  7.274821474E-20 
  1.335580090E-13  5.232685075E-12  1.338155386E-13  6.632092360E-15  1.705424664E-12  6.759069126E-15  7.942954125E-13  1.392614275E-12  7.897642043E-13  7.967062013E-13  1.400128603E-12  7.867317986E-13  8.085600896E-14  8.059116826E-14 
  1.988778988E-18  1.286400519E-13  3.642427929E-12  6.424649389E-19  6.496753050E-15  1.024969545E-12  8.704368570E-18  7.897642043E-13  9.211054675E-13  1.388615619E-12  7.610781797E-13  1.388046593E-12  8.174263105E-20  7.579160664E-14 
  1.944597223E-12  1.549858818E-13  1.943594055E-12  7.321304603E-13  4.807879944E-14  7.332837717E-13  1.394480757E-12  7.967062013E-13  1.388615619E-12  1.051555831E-12  1.380058788E-15  3.286543140E-18  7.797100505E-15  7.884088234E-15 
  1.511252266E-13  1.944827134E-12  1.517037336E-13  4.810868809E-14  7.201157268E-13  4.756120867E-14  7.598496910E-13  1.400128603E-12  7.610781797E-13  1.380058788E-15  5.810374521E-13  1.381815400E-15  7.819206681E-15  7.888288780E-15 
  1.967974063E-12  1.550958743E-13  1.980209912E-12  7.088982707E-13  4.783403175E-14  6.965998372E-13  1.388676799E-12  7.867317986E-13  1.388046593E-12  3.286543140E-18  1.381815400E-15  1.051547782E-12  7.787096141E-15  7.909109933E-15 
  1.390781681E-12  1.357282555E-12  3.069232613E-16  8.019349460E-15  7.993636349E-15  9.470350629E-17  7.580412434E-14  8.085600896E-14  8.174263105E-20  7.797100505E-15  7.819206681E-15  7.787096141E-15  4.298148103E-16  1.313766710E-17 
  2.933088919E-16  1.353250204E-12  1.374932682E-12  9.420578663E-17  8.112399098E-15  8.113079969E-15  7.274821474E-20  8.059116826E-14  7.579160664E-14  7.884088234E-15  7.888288780E-15  7.909109933E-15  1.313766710E-17  3.186682041E-16 
