24.184132013044888,-0.28809418800000003,-0.007271542513000001,-14.65407395,-0.02486292619,-0.002253135611,-3.5986676710000003,-0.133558009,-1.988778988e-06,-1.9445972230000002,-0.1511252266,-1.967974063,-1.390781681,-0.0002933088919,-0.02057709946
-0.28809418800000003,25.828673011979998,-0.2893423059,-0.0250901233,-14.730282099999998,-0.025015621090000002,-0.1283752117,-5.232685075,-0.1286400519,-0.1549858818,-1.944827134,-0.15509587430000002,-1.357282555,-1.3532502039999998,-0.01570668599
-0.007271542513000001,-0.2893423059,24.056975205430287,-0.002345437433,-0.02577080458,-14.49253661,-1.8573129889999998e-06,-0.1338155386,-3.6424279289999997,-1.943594055,-0.1517037336,-1.980209912,-0.0003069232613,-1.374932682,-0.01271587423
-14.65407395,-0.0250901233,-0.002345437433,17.26790044174077,-0.005435784240999999,-0.0007272001552000001,-1.069723607,-0.0066320923599999995,-6.424649389e-07,-0.7321304603,-0.04810868809,-0.7088982707,-0.00801934946,-9.420578663000001e-05,-0.0066206304500000005
-0.02486292619,-14.730282099999998,-0.02577080458,-0.005435784240999999,17.347369918406997,-0.005449249227,-0.006388351917,-1.7054246640000001,-0.00649675305,-0.04807879944,-0.7201157268,-0.04783403175,-0.007993636349,-0.008112399098,-0.005124691765
-0.002253135611,-0.025015621090000002,-14.49253661,-0.0007272001552000001,-0.005449249227,17.04724783679437,-5.763668789000001e-07,-0.006759069126,-1.024969545,-0.7332837717,-0.04756120867,-0.6965998372,-9.470350629000001e-05,-0.008113079968999999,-0.003884229173
-3.5986676710000003,-0.1283752117,-1.8573129889999998e-06,-1.069723607,-0.006388351917,-5.763668789000001e-07,10.137481615853654,-0.7942954125,-8.70436857e-06,-1.394480757,-0.7598496910000001,-1.3886767990000002,-0.07580412434,-7.274821474e-08,-0.9212087796
-0.133558009,-5.232685075,-0.1338155386,-0.0066320923599999995,-1.7054246640000001,-0.006759069126,-0.7942954125,13.340562120006,-0.7897642043,-0.7967062013,-1.400128603,-0.7867317986,-0.08085600896,-0.08059116826,-1.392614275
-1.988778988e-06,-0.1286400519,-3.6424279289999997,-6.424649389e-07,-0.00649675305,-1.024969545,-8.70436857e-06,-0.7897642043,10.126947366445126,-1.388615619,-0.7610781797,-1.388046593,-8.174263105e-08,-0.07579160664,-0.9211054675
-1.9445972230000002,-0.1549858818,-1.943594055,-0.7321304603,-0.04807879944,-0.7332837717,-1.394480757,-0.7967062013,-1.388615619,10.20509313361014,-0.001380058788,-3.28654314e-06,-0.007797100505,-0.007884088234,-1.0515558310000002
-0.1511252266,-1.944827134,-0.1517037336,-0.04810868809,-0.7201157268,-0.04756120867,-0.7598496910000001,-1.400128603,-0.7610781797,-0.001380058788,6.584005013209001,-0.0013818154000000001,-0.007819206681,-0.00788828878,-0.5810374521
-1.967974063,-0.15509587430000002,-1.980209912,-0.7088982707,-0.04783403175,-0.6965998372,-1.3886767990000002,-0.7867317986,-1.388046593,-3.28654314e-06,-0.0013818154000000001,10.18869626956714,-0.007787096140999999,-0.007909109933000001,-1.051547782
-1.390781681,-1.357282555,-0.0003069232613,-0.00801934946,-0.007993636349,-9.470350629000001e-05,-0.07580412434,-0.08085600896,-8.174263105e-08,-0.007797100505,-0.007819206681,-0.007787096140999999,2.944985419423621,-1.3137667100000001e-05,-0.0004298148103
-0.0002933088919,-1.3532502039999998,-1.374932682,-9.420578663000001e-05,-0.008112399098,-0.008113079968999999,-7.274821474e-08,-0.08059116826,-0.07579160664,-0.007884088234,-0.00788828878,-0.007909109933000001,-1.3137667100000001e-05,2.9251920202119446,-0.0003186682041
-0.02057709946,-0.01570668599,-0.01271587423,-0.0066206304500000005,-0.005124691765,-0.003884229173,-0.9212087796,-1.392614275,-0.9211054675,-1.0515558310000002,-0.5810374521,-1.051547782,-0.0004298148103,-0.0003186682041,5.9844472812824
