  1.617041975E-14  1.626413265E-13  4.228646789E-15  8.679627723E-12  6.624571698E-15  7.106979334E-16  2.652496837E-12  5.420739000E-14  1.386899450E-18  8.938471499E-13  1.472037537E-13  8.938569946E-13  3.461639911E-14  7.486648527E-21  5.940398892E-13  1.520891958E-16 
  1.626413265E-13  1.197725676E-14  1.639556855E-13  7.101432961E-15  8.140483960E-12  7.400318179E-15  5.284926471E-14  3.331518178E-12  5.296357710E-14  1.467874266E-13  8.894010350E-13  1.467440637E-13  3.455786656E-14  3.468242652E-14  6.177385200E-13  5.949061783E-13 
  4.228646789E-15  1.639556855E-13  8.740455775E-15  7.078642875E-16  6.876080097E-15  8.660570965E-12  1.298597897E-18  5.407159238E-14  2.652797900E-12  8.938657057E-13  1.472285797E-13  8.939149056E-13  8.665253756E-21  3.445386876E-14  1.611085987E-16  6.242183776E-13 
  8.679627723E-12  7.101432961E-15  7.078642875E-16  2.772477573E-15  7.938002526E-16  1.190420844E-16  3.029122555E-13  8.824133671E-16  2.327890859E-19  2.380142715E-13  3.054116333E-14  2.379613106E-13  7.542855460E-16  1.241877628E-21  1.709234439E-15  2.530884458E-17 
  6.624571698E-15  8.140483960E-12  6.876080097E-15  7.938002526E-16  1.928296855E-15  8.392654827E-16  8.084179931E-16  4.534630262E-13  8.093463036E-16  3.050766928E-14  2.382059971E-13  3.055983095E-14  6.990552423E-16  7.035805030E-16  1.561935058E-15  1.591288612E-15 
  7.106979334E-16  7.400318179E-15  8.660570965E-12  1.190420844E-16  8.392654827E-16  1.470244169E-15  2.188212127E-19  8.858691233E-16  3.028947149E-13  2.380134606E-13  3.054060220E-14  2.379546631E-13  1.439741730E-21  7.496126947E-16  2.692880394E-17  1.690108358E-15 
  2.652496837E-12  5.284926471E-14  1.298597897E-18  3.029122555E-13  8.084179931E-16  2.188212127E-19  4.997471966E-13  2.076438142E-13  1.473820559E-17  1.533413101E-12  1.110102713E-12  1.530866022E-12  6.209534826E-13  2.914624139E-18  3.329206033E-14  4.542512063E-20 
  5.420739000E-14  3.331518178E-12  5.407159238E-14  8.824133671E-16  4.534630262E-13  8.858691233E-16  2.076438142E-13  6.505937194E-13  2.077515868E-13  1.133604398E-12  1.534965738E-12  1.129895385E-12  6.323872537E-13  6.185679464E-13  3.404765384E-14  3.444168005E-14 
  1.386899450E-18  5.296357710E-14  2.652797900E-12  2.327890859E-19  8.093463036E-16  3.028947149E-13  1.473820559E-17  2.077515868E-13  4.997441054E-13  1.529172284E-12  1.107014848E-12  1.533996569E-12  2.922056913E-18  6.300308193E-13  5.157644510E-20  3.293032797E-14 
  8.938471499E-13  1.467874266E-13  8.938657057E-13  2.380142715E-13  3.050766928E-14  2.380134606E-13  1.533413101E-12  1.133604398E-12  1.529172284E-12  4.020552070E-13  8.281253192E-15  5.952849601E-16  2.075409631E-14  2.100393472E-14  4.086843566E-15  4.062297030E-15 
  1.472037537E-13  8.894010350E-13  1.472285797E-13  3.054116333E-14  2.382059971E-13  3.054060220E-14  1.110102713E-12  1.534965738E-12  1.107014848E-12  8.281253192E-15  2.448062015E-13  8.327316415E-15  2.122453708E-14  2.118433135E-14  4.071953317E-15  4.081872172E-15 
  8.938569946E-13  1.467440637E-13  8.939149056E-13  2.379613106E-13  3.055983095E-14  2.379546631E-13  1.530866022E-12  1.129895385E-12  1.533996569E-12  5.952849601E-16  8.327316415E-15  4.020526053E-13  2.123747317E-14  2.080249874E-14  4.096923813E-15  4.062989916E-15 
  3.461639911E-14  3.455786656E-14  8.665253756E-21  7.542855460E-16  6.990552423E-16  1.439741730E-21  6.209534826E-13  6.323872537E-13  2.922056913E-18  2.075409631E-14  2.122453708E-14  2.123747317E-14  1.373882649E-14  5.845177523E-19  1.306958115E-14  3.367337985E-22 
  7.486648527E-21  3.468242652E-14  3.445386876E-14  1.241877628E-21  7.035805030E-16  7.496126947E-16  2.914624139E-18  6.185679464E-13  6.300308193E-13  2.100393472E-14  2.118433135E-14  2.080249874E-14  5.845177523E-19  1.373612744E-14  3.054746902E-22  1.309141938E-14 
  5.940398892E-13  6.177385200E-13  1.611085987E-16  1.709234439E-15  1.561935058E-15  2.692880394E-17  3.329206033E-14  3.404765384E-14  5.157644510E-20  4.086843566E-15  4.071953317E-15  4.096923813E-15  1.306958115E-14  3.054746902E-22  2.821324337E-16  6.122555509E-18 
  1.520891958E-16  5.949061783E-13  6.242183776E-13  2.530884458E-17  1.591288612E-15  1.690108358E-15  4.542512063E-20  3.444168005E-14  3.293032797E-14  4.062297030E-15  4.081872172E-15  4.062989916E-15  3.367337985E-22  1.309141938E-14  6.122555509E-18  1.946932930E-16 
