13.552293760400861,-0.5443094894,-0.007140742705,-8.498175230000001,-0.023036175170000003,-0.002340897773,-3.3978469860000002,-0.1290347788,-1.1342822860000001e-05,-0.7393642617999999,-0.09841982082999999,-0.09835323068,-0.014260804420000002
-0.5443094894,13.91225319805,-0.5453970731,-0.02111856645,-8.354161144,-0.02144026869,-0.128036996,-3.231497608,-0.1274314174,-0.09846546279,-0.7301643572,-0.0981997392,-0.01203107582
-0.007140742705,-0.5453970731,13.486292979141652,-0.002276577073,-0.02260558394,-8.468378241,-1.202722365e-05,-0.1282764136,-3.372553544,-0.09678994626000001,-0.09805897827,-0.7341209013,-0.01068295067
-8.498175230000001,-0.02111856645,-0.002276577073,9.99611656352056,-0.004171109419,-0.0007475814137,-1.091945833,-0.005962048059,-3.571670862e-06,-0.30148046710000004,-0.033457372039999995,-0.03226546102,-0.004512746275
-0.023036175170000003,-8.354161144,-0.02260558394,-0.004171109419,9.926809082318002,-0.00427760198,-0.006739285527,-1.125078143,-0.006339934756,-0.033375746750000004,-0.3094106605,-0.03356098191,-0.0040527153659999995
-0.002340897773,-0.02144026869,-8.468378241,-0.0007475814137,-0.00427760198,9.999221095819221,-3.8919865230000005e-06,-0.00583093575,-1.118364947,-0.03390111203000001,-0.033751147020000004,-0.3067401511,-0.003444320076
-3.3978469860000002,-0.128036996,-1.202722365e-05,-1.091945833,-0.006739285527,-3.8919865230000005e-06,8.658647195911684,-0.6034946076,-9.004527451e-05,-1.085455553,-0.7600261132,-0.7112145789000001,-0.8737812782
-0.1290347788,-3.231497608,-0.1282764136,-0.005962048059,-1.125078143,-0.00583093575,-0.6034946076,9.247832661009,-0.5999753118,-0.728636125,-1.090954053,-0.7249220555,-0.8741705809000001
-1.1342822860000001e-05,-0.1274314174,-3.372553544,-3.571670862e-06,-0.006339934756,-1.118364947,-9.004527451e-05,-0.5999753118,8.659990480524232,-0.7262920231000001,-0.7505320154,-1.0846620710000001,-0.8737342563
-0.7393642617999999,-0.09846546279,-0.09678994626000001,-0.30148046710000004,-0.033375746750000004,-0.03390111203000001,-1.085455553,-0.728636125,-0.7262920231000001,4.090174292745991,-0.0003766769538,-4.3506219110000006e-07,-0.24603648290000002
-0.09841982082999999,-0.7301643572,-0.09805897827,-0.033457372039999995,-0.3094106605,-0.033751147020000004,-0.7600261132,-1.090954053,-0.7505320154,-0.0003766769538,4.1515384268161,-0.0003768418023,-0.24601039060000002
-0.09835323068,-0.0981997392,-0.7341209013,-0.03226546102,-0.03356098191,-0.3067401511,-0.7112145789000001,-0.7249220555,-1.0846620710000001,-4.3506219110000006e-07,-0.0003768418023,4.070426112074491,-0.24600966460000004
-0.014260804420000002,-0.01203107582,-0.01068295067,-0.004512746275,-0.0040527153659999995,-0.003444320076,-0.8737812782,-0.8741705809000001,-0.8737342563,-0.24603648290000002,-0.24601039060000002,-0.24600966460000004,3.4087272661270003
