  8.222259108E-14  2.091992297E-13  7.029977112E-15  8.329546883E-12  1.965294610E-14  2.151301363E-15  2.316134849E-12  1.028759471E-13  5.955861949E-18  7.391704892E-13  1.124856534E-13  7.325536319E-13  1.088267213E-12  3.332091186E-16 
  2.091992297E-13  4.537716148E-14  2.071565534E-13  1.812674393E-14  8.305704121E-12  1.763822406E-14  9.649152378E-14  2.985076580E-12  9.640736359E-14  1.119706322E-13  7.195026756E-13  1.123447487E-13  1.085368441E-12  1.099382366E-12 
  7.029977112E-15  2.071565534E-13  7.955640497E-14  2.223953947E-15  1.995252644E-14  8.225299591E-12  6.019918061E-18  1.028483544E-13  2.320893783E-12  7.286491197E-13  1.122954894E-13  7.592983248E-13  3.438999126E-16  1.110979333E-12 
  8.329546883E-12  1.812674393E-14  2.223953947E-15  2.924619431E-14  3.970282633E-15  6.806353672E-16  6.749721367E-13  6.918324469E-15  1.903107424E-18  2.751011061E-13  3.608004365E-14  2.820443478E-13  6.916680541E-15  1.045341838E-16 
  1.965294610E-14  8.305704121E-12  1.995252644E-14  3.970282633E-15  1.677955539E-14  3.915580024E-15  6.877254454E-15  1.012015174E-12  6.818902210E-15  3.729309028E-14  2.866753199E-13  3.699009900E-14  7.498053704E-15  7.442818119E-15 
  2.151301363E-15  1.763822406E-14  8.225299591E-12  6.806353672E-16  3.915580024E-15  2.749874156E-14  1.814239613E-18  6.627462824E-15  6.713439291E-13  2.856067082E-13  3.610900484E-14  2.538992307E-13  1.043349961E-16  6.530242079E-15 
  2.316134849E-12  9.649152378E-14  6.019918061E-18  6.749721367E-13  6.877254454E-15  1.814239613E-18  5.951664426E-13  5.724281208E-13  5.831055544E-17  4.735027003E-13  6.025352455E-13  4.706085201E-13  5.729036412E-14  3.090857893E-19 
  1.028759471E-13  2.985076580E-12  1.028483544E-13  6.918324469E-15  1.012015174E-12  6.627462824E-15  5.724281208E-13  8.182583525E-13  5.710476674E-13  6.126868719E-13  4.694914891E-13  6.160807927E-13  5.990606195E-14  6.017992563E-14 
  5.955861949E-18  9.640736359E-14  2.320893783E-12  1.903107424E-18  6.818902210E-15  6.713439291E-13  5.831055544E-17  5.710476674E-13  5.953078512E-13  4.720821191E-13  5.986379363E-13  4.682770435E-13  3.159026383E-19  5.710660746E-14 
  7.391704892E-13  1.119706322E-13  7.286491197E-13  2.751011061E-13  3.729309028E-14  2.856067082E-13  4.735027003E-13  6.126868719E-13  4.720821191E-13  4.130674705E-13  9.274758169E-16  8.066150981E-18  5.504118789E-15  5.507866910E-15 
  1.124856534E-13  7.195026756E-13  1.122954894E-13  3.608004365E-14  2.866753199E-13  3.610900484E-14  6.025352455E-13  4.694914891E-13  5.986379363E-13  9.274758169E-16  2.480054895E-13  9.281924378E-16  5.522278530E-15  5.536688343E-15 
  7.325536319E-13  1.123447487E-13  7.592983248E-13  2.820443478E-13  3.699009900E-14  2.538992307E-13  4.706085201E-13  6.160807927E-13  4.682770435E-13  8.066150981E-18  9.281924378E-16  4.129626377E-13  5.585678315E-15  5.530936368E-15 
  1.088267213E-12  1.085368441E-12  3.438999126E-16  6.916680541E-15  7.498053704E-15  1.043349961E-16  5.729036412E-14  5.990606195E-14  3.159026383E-19  5.504118789E-15  5.522278530E-15  5.585678315E-15  6.932902551E-16  1.796583631E-17 
  3.332091186E-16  1.099382366E-12  1.110979333E-12  1.045341838E-16  7.442818119E-15  6.530242079E-15  3.090857893E-19  6.017992563E-14  5.710660746E-14  5.507866910E-15  5.536688343E-15  5.530936368E-15  1.796583631E-17  6.230654303E-16 
