13.74162987693555,-0.2091992297,-0.007029977112,-8.329546882999999,-0.0196529461,-0.002151301363,-2.316134849,-0.1028759471,-5.955861949e-06,-0.7391704892000001,-0.11248565340000001,-0.7325536319,-1.088267213,-0.0003332091186,-0.08222259108
-0.2091992297,15.109746364439998,-0.2071565534,-0.018126743929999998,-8.305704121,-0.01763822406,-0.09649152378,-2.98507658,-0.09640736359,-0.1119706322,-0.7195026756,-0.1123447487,-1.085368441,-1.099382366,-0.04537716148
-0.007029977112,-0.2071565534,13.676533330999662,-0.002223953947,-0.01995252644,-8.225299591,-6.019918061e-06,-0.10284835440000001,-2.3208937830000003,-0.7286491197,-0.1122954894,-0.7592983247999999,-0.0003438999126,-1.110979333,-0.07955640497
-8.329546882999999,-0.018126743929999998,-0.002223953947,9.665933769738421,-0.003970282633,-0.0006806353672000001,-0.6749721367000001,-0.006918324468999999,-1.903107424e-06,-0.2751011061,-0.03608004365,-0.2820443478,-0.006916680541,-0.0001045341838,-0.02924619431
-0.0196529461,-8.305704121,-0.01995252644,-0.003970282633,9.771585723254,-0.003915580024,-0.006877254454,-1.012015174,-0.00681890221,-0.037293090279999996,-0.2866753199,-0.036990099000000005,-0.007498053704,-0.007442818119,-0.01677955539
-0.002151301363,-0.01763822406,-8.225299591,-0.0006806353672000001,-0.003915580024,9.537406800352915,-1.8142396130000002e-06,-0.006627462824,-0.6713439291,-0.2856067082,-0.03610900484,-0.2538992307,-0.0001043349961,-0.0065302420790000005,-0.027498741559999998
-2.316134849,-0.09649152378,-6.019918061e-06,-0.6749721367000001,-0.006877254454,-1.8142396130000002e-06,5.8660736111529035,-0.5724281207999999,-5.8310555440000006e-05,-0.47350270029999997,-0.6025352455,-0.4706085201,-0.057290364120000006,-3.090857893e-07,-0.5951664426
-0.1028759471,-2.98507658,-0.10284835440000001,-0.006918324468999999,-1.012015174,-0.006627462824,-0.5724281207999999,7.996441124773,-0.5710476674,-0.6126868719,-0.46949148909999994,-0.6160807927,-0.05990606195,-0.060179925630000006,-0.8182583525
-5.955861949e-06,-0.09640736359,-2.3208937830000003,-1.903107424e-06,-0.00681890221,-0.6713439291,-5.8310555440000006e-05,-0.5710476674,5.857989688287452,-0.47208211910000003,-0.5986379363000001,-0.46827704350000005,-3.159026383e-07,-0.05710660746,-0.5953078512000001
-0.7391704892000001,-0.1119706322,-0.7286491197,-0.2751011061,-0.037293090279999996,-0.2856067082,-0.47350270029999997,-0.6126868719,-0.47208211910000003,4.161077835146881,-0.0009274758169000001,-8.066150981e-06,-0.0055041187890000004,-0.00550786691,-0.41306747050000003
-0.11248565340000001,-0.7195026756,-0.1122954894,-0.03608004365,-0.2866753199,-0.03610900484,-0.6025352455,-0.46949148909999994,-0.5986379363000001,-0.0009274758169000001,3.2347329823177007,-0.0009281924378,-0.00552227853,-0.0055366883430000005,-0.24800548949999998
-0.7325536319,-0.1123447487,-0.7592983247999999,-0.2820443478,-0.036990099000000005,-0.2538992307,-0.4706085201,-0.6160807927,-0.46827704350000005,-8.066150981e-06,-0.0009281924378,4.157112250171781,-0.005585678315,-0.0055309363680000004,-0.4129626377
-1.088267213,-1.085368441,-0.0003438999126,-0.006916680541,-0.007498053704,-0.0001043349961,-0.057290364120000006,-0.05990606195,-3.159026383e-07,-0.0055041187890000004,-0.00552227853,-0.005585678315,2.3230186968517486,-1.796583631e-05,-0.0006932902551
-0.0003332091186,-1.099382366,-1.110979333,-0.0001045341838,-0.007442818119,-0.0065302420790000005,-3.090857893e-07,-0.060179925630000006,-0.05710660746,-0.00550786691,-0.0055366883430000005,-0.0055309363680000004,-1.796583631e-05,2.3592758675637997,-0.0006230654303
-0.08222259108,-0.04537716148,-0.07955640497,-0.02924619431,-0.01677955539,-0.027498741559999998,-0.5951664426,-0.8182583525,-0.5953078512000001,-0.41306747050000003,-0.24800548949999998,-0.4129626377,-0.0006932902551,-0.0006230654303,3.3647652484754005
