  1.304211734E-14  1.606282751E-13  5.524887604E-15  5.499975731E-12  1.102570598E-14  1.474736530E-15  2.607685952E-12  7.564486221E-14  2.268446899E-18  7.627889330E-13  1.067442938E-13  1.041688707E-13  8.795533083E-13  2.513711263E-16 
  1.606282751E-13  1.095110679E-14  1.613296160E-13  1.123025812E-14  5.386117723E-12  1.149255664E-14  7.596660598E-14  2.487061740E-12  7.590441978E-14  1.054396302E-13  7.468408355E-13  1.054942514E-13  8.840224289E-13  8.932494291E-13 
  5.524887604E-15  1.613296160E-13  9.464349564E-15  1.445930558E-15  1.142162790E-14  5.405608474E-12  2.257601187E-18  7.569819921E-14  2.606049669E-12  1.035864903E-13  1.071503931E-13  7.522589614E-13  2.578022636E-16  8.831070559E-13 
  5.499975731E-12  1.123025812E-14  1.445930558E-15  3.340347271E-15  2.036304763E-15  3.861692427E-16  6.723164810E-13  2.648066575E-15  5.666594003E-19  2.463553369E-13  2.880333008E-14  2.850281980E-14  3.388760670E-15  6.527452829E-17 
  1.102570598E-14  5.386117723E-12  1.142162790E-14  2.036304763E-15  2.888852541E-15  2.144660608E-15  2.498720936E-15  6.720225291E-13  2.577511957E-15  2.861514768E-14  2.557322359E-13  2.849682866E-14  3.164786950E-15  3.305874794E-15 
  1.474736530E-15  1.149255664E-14  5.405608474E-12  3.861692427E-16  2.144660608E-15  2.421486046E-15  5.767879575E-19  2.594227016E-15  6.743377210E-13  2.910531600E-14  2.846786723E-14  2.568684041E-13  6.829056494E-17  3.329430305E-15 
  2.607685952E-12  7.596660598E-14  2.257601187E-18  6.723164810E-13  2.498720936E-15  5.767879575E-19  6.425663830E-13  4.064086621E-13  4.892172348E-17  1.171893433E-12  7.725195206E-13  7.506229622E-13  4.492660749E-14  1.407866531E-19 
  7.564486221E-14  2.487061740E-12  7.569819921E-14  2.648066575E-15  6.720225291E-13  2.594227016E-15  4.064086621E-13  6.426283306E-13  4.073614675E-13  7.521972181E-13  1.157074973E-12  7.628915661E-13  4.493980534E-14  4.506599249E-14 
  2.268446899E-18  7.590441978E-14  2.606049669E-12  5.666594003E-19  2.577511957E-15  6.743377210E-13  4.892172348E-17  4.073614675E-13  6.426087084E-13  7.501387657E-13  7.663311606E-13  1.169288776E-12  1.473693988E-19  4.482663709E-14 
  7.627889330E-13  1.054396302E-13  1.035864903E-13  2.463553369E-13  2.861514768E-14  2.910531600E-14  1.171893433E-12  7.521972181E-13  7.501387657E-13  2.424040452E-13  1.330254508E-15  6.720702431E-18  5.455921346E-15  3.085492384E-15 
  1.067442938E-13  7.468408355E-13  1.071503931E-13  2.880333008E-14  2.557322359E-13  2.846786723E-14  7.725195206E-13  1.157074973E-12  7.663311606E-13  1.330254508E-15  2.424103580E-13  1.329013318E-15  5.406879428E-15  5.416143662E-15 
  1.041688707E-13  1.054942514E-13  7.522589614E-13  2.850281980E-14  2.849682866E-14  2.568684041E-13  7.506229622E-13  7.628915661E-13  1.169288776E-12  6.720702431E-18  1.329013318E-15  2.423945826E-13  3.116523303E-15  5.484387496E-15 
  8.795533083E-13  8.840224289E-13  2.578022636E-16  3.388760670E-15  3.164786950E-15  6.829056494E-17  4.492660749E-14  4.493980534E-14  1.473693988E-19  5.455921346E-15  5.406879428E-15  3.116523303E-15  4.363075246E-16  1.289356456E-17 
  2.513711263E-16  8.932494291E-13  8.831070559E-13  6.527452829E-17  3.305874794E-15  3.329430305E-15  1.407866531E-19  4.506599249E-14  4.482663709E-14  3.085492384E-15  5.416143662E-15  5.484387496E-15  1.289356456E-17  3.696548364E-16 
