10.228511313137199,-0.1606282751,-0.005524887604,-5.499975731,-0.01102570598,-0.00147473653,-2.607685952,-0.07564486221,-2.268446899e-06,-0.762788933,-0.1067442938,-0.1041688707,-0.8795533083000001,-0.0002513711263,-0.01304211734
-0.1606282751,11.11572887651,-0.161329616,-0.011230258120000001,-5.386117723,-0.01149255664,-0.07596660598,-2.4870617399999997,-0.07590441978000001,-0.10543963020000001,-0.7468408355,-0.1054942514,-0.8840224288999999,-0.8932494291,-0.01095110679
-0.005524887604,-0.161329616,10.122905714400789,-0.0014459305580000002,-0.0114216279,-5.405608474,-2.257601187e-06,-0.07569819921,-2.6060496690000003,-0.1035864903,-0.1071503931,-0.7522589614,-0.00025780226359999996,-0.8831070559,-0.009464349564000002
-5.499975731,-0.011230258120000001,-0.0014459305580000002,6.500495377167391,-0.002036304763,-0.0003861692427,-0.672316481,-0.002648066575,-5.666594003e-07,-0.24635533689999997,-0.02880333008,-0.028502819800000002,-0.00338876067,-6.527452829e-05,-0.003340347271
-0.01102570598,-5.386117723,-0.0114216279,-0.002036304763,6.412048510769,-0.0021446606080000002,-0.002498720936,-0.6720225291,-0.002577511957,-0.028615147679999998,-0.2557322359,-0.028496828659999997,-0.0031647869500000003,-0.0033058747939999997,-0.002888852541
-0.00147473653,-0.01149255664,-5.405608474,-0.0003861692427,-0.0021446606080000002,6.418299916070597,-5.767879575e-07,-0.002594227016,-0.674337721,-0.029105316,-0.02846786723,-0.2568684041,-6.829056494e-05,-0.003329430305,-0.0024214860460000003
-2.607685952,-0.07596660598,-2.257601187e-06,-0.672316481,-0.002498720936,-5.767879575e-07,7.147457225205278,-0.4064086621,-4.892172348e-05,-1.1718934330000002,-0.7725195206,-0.7506229622,-0.04492660749,-1.4078665309999998e-07,-0.642566383
-0.07564486221,-2.4870617399999997,-0.07569819921,-0.002648066575,-0.6720225291,-0.002594227016,-0.4064086621,7.534237639341001,-0.4073614675,-0.7521972181000001,-1.157074973,-0.7628915661,-0.04493980534000001,-0.04506599249,-0.6426283306
-2.268446899e-06,-0.07590441978000001,-2.6060496690000003,-5.666594003e-07,-0.002577511957,-0.674337721,-4.892172348e-05,-0.4073614675,7.1394767412261775,-0.7501387656999999,-0.7663311606,-1.1692887760000001,-1.473693988e-07,-0.04482663709,-0.6426087084000001
-0.762788933,-0.10543963020000001,-0.1035864903,-0.24635533689999997,-0.028615147679999998,-0.029105316,-1.1718934330000002,-0.7521972181000001,-0.7501387656999999,4.202402705020431,-0.001330254508,-6.720702431e-06,-0.005455921346,-0.003085492384,-0.24240404520000003
-0.1067442938,-0.7468408355,-0.1071503931,-0.02880333008,-0.2557322359,-0.02846786723,-0.7725195206,-1.157074973,-0.7663311606,-0.001330254508,4.225557258726001,-0.001329013318,-0.005406879428000001,-0.005416143662,-0.24241035800000002
-0.1041688707,-0.1054942514,-0.7522589614,-0.028502819800000002,-0.028496828659999997,-0.2568684041,-0.7506229622,-0.7628915661,-1.1692887760000001,-6.720702431e-06,-0.001329013318,4.210924667779431,-0.003116523303,-0.005484387496,-0.24239458260000002
-0.8795533083000001,-0.8840224288999999,-0.00025780226359999996,-0.00338876067,-0.0031647869500000003,-6.829056494e-05,-0.04492660749,-0.04493980534000001,-1.473693988e-07,-0.005455921346,-0.005406879428000001,-0.003116523303,1.8747504630140992,-1.289356456e-05,-0.0004363075246
-0.0002513711263,-0.8932494291,-0.8831070559,-6.527452829e-05,-0.0033058747939999997,-0.003329430305,-1.4078665309999998e-07,-0.04506599249,-0.04482663709,-0.003085492384,-0.005416143662,-0.005484387496,-1.289356456e-05,1.8875697780632033,-0.0003696548364
-0.01304211734,-0.01095110679,-0.009464349564000002,-0.003340347271,-0.002888852541,-0.0024214860460000003,-0.642566383,-0.6426283306,-0.6426087084000001,-0.24240404520000003,-0.24241035800000002,-0.24239458260000002,-0.0004363075246,-0.0003696548364,2.6979266297130002
