4.95674196529,-0.2593687478,-1.651887868,-2.18067051,-0.03515490059,-0.03599821137,-0.6202348396,-0.1563342603,-0.01709262763
-0.2593687478,4.94999402582,-0.03522520629,-0.03565773038,-2.114002769,-1.716370104,-0.1562511015,-0.6201140624,-0.01300430445
-1.651887868,-0.03522520629,4.04239846913,-0.4421584004,-0.2700773445,-0.005579404041,-1.316830552,-0.0009879422003,-0.3196517517
-2.18067051,-0.03565773038,-0.4421584004,4.41746445978,-0.005945973985,-0.271679957,-0.009570772413,-1.052307574,-0.4194735416
-0.03515490059,-2.114002769,-0.2700773445,-0.005945973985,4.32993269834,-0.4357880856,-1.054642065,-0.007361178263,-0.4069603814
-0.03599821137,-1.716370104,-0.005579404041,-0.271679957,-0.4357880856,4.11628047468,-0.001163748468,-1.317540116,-0.3321608482
-0.6202348396,-0.1562511015,-1.316830552,-0.009570772413,-1.054642065,-0.001163748468,3.30578248148,-0.0003705816024,-0.1467188209
-0.1563342603,-0.6201140624,-0.0009879422003,-1.052307574,-0.007361178263,-1.317540116,-0.0003705816024,3.30173449727,-0.1467187825
-0.01709262763,-0.01300430445,-0.3196517517,-0.4194735416,-0.4069603814,-0.3321608482,-0.1467188209,-0.1467187825,1.80178105838
