  1.430943226E-14  6.459406920E-13  5.719920250E-14  3.075241524E-14  1.907726229E-14  1.420753686E-14  1.160605948E-14  7.670680244E-15 
  6.459406920E-13  2.001003551E-14  7.279976096E-13  5.609660537E-14  3.124605936E-14  2.207669288E-14  1.748776845E-14  1.146738487E-14 
  5.719920250E-14  7.279976096E-13  2.000980339E-14  6.755668546E-13  5.199347859E-14  3.117597397E-14  2.213097257E-14  1.397173365E-14 
  3.075241524E-14  5.609660537E-14  6.755668546E-13  2.002385641E-14  7.106342855E-13  5.248641259E-14  3.130014026E-14  1.848020464E-14 
  1.907726229E-14  3.124605936E-14  5.199347859E-14  7.106342855E-13  2.001538052E-14  7.235276057E-13  5.476482974E-14  2.816515015E-14 
  1.420753686E-14  2.207669288E-14  3.117597397E-14  5.248641259E-14  7.235276057E-13  2.001692101E-14  7.728116473E-13  4.928840625E-14 
  1.160605948E-14  1.748776845E-14  2.213097257E-14  3.130014026E-14  5.476482974E-14  7.728116473E-13  2.001698111E-14  7.972470097E-13 
  7.670680244E-15  1.146738487E-14  1.397173365E-14  1.848020464E-14  2.816515015E-14  4.928840625E-14  7.972470097E-13  1.430778808E-14 
