  2.063497957E-14  6.022135589E-14  7.364401435E-15  1.049133284E-12  5.782388433E-15  1.355621497E-15  2.999658794E-12  1.821188636E-15  4.419161508E-16  7.025656252E-12  2.920861908E-15  3.562626556E-19  2.878931288E-13  2.879532131E-13  2.883202454E-13  1.816902346E-13  1.817094395E-13  1.816713077E-13 
  6.022135589E-14  1.646261580E-14  5.989979021E-14  3.544673269E-13  1.041962602E-12  6.622309846E-15  1.023017083E-12  3.046626521E-12  2.157504343E-15  1.008169104E-13  6.850712532E-12  2.921709309E-15  3.240257297E-13  3.240738586E-13  3.245494100E-13  1.825057889E-13  1.824483743E-13  1.824423087E-13 
  7.364401435E-15  5.989979021E-14  1.238955967E-14  2.356437996E-15  3.537228404E-13  1.064360910E-12  7.391001811E-16  1.053214986E-12  3.027781493E-12  4.912034765E-20  1.008149306E-13  6.852263328E-12  2.178830720E-13  2.178323038E-13  2.180038030E-13  2.894669662E-13  2.891586297E-13  2.891439303E-13 
  1.049133284E-12  3.544673269E-13  2.356437996E-15  4.706213934E-15  2.304672010E-15  4.278970060E-16  4.215465726E-12  7.315117519E-16  1.394775293E-16  9.635851489E-13  1.030932983E-13  1.126945870E-19  2.677247801E-13  2.676784780E-13  2.682159850E-13  4.423937286E-14  4.423978957E-14  4.425776118E-14 
  5.782388433E-15  1.041962602E-12  3.537228404E-13  2.304672010E-15  3.612766928E-15  2.761957592E-15  7.313297523E-16  4.178685955E-12  9.013444211E-16  1.546990964E-19  9.637315232E-13  1.030858262E-13  2.675985842E-13  2.676723432E-13  2.682019844E-13  4.422477370E-14  4.425398676E-14  4.426257957E-14 
  1.355621497E-15  6.622309846E-15  1.064360910E-12  4.278970060E-16  2.761957592E-15  2.851089411E-15  1.341469223E-16  8.747732537E-16  4.401985612E-12  8.817836335E-21  1.912617612E-19  1.019263953E-12  4.433779959E-14  4.436380425E-14  4.432889990E-14  2.849474935E-13  2.842881788E-13  2.843140730E-13 
  2.999658794E-12  1.023017083E-12  7.391001811E-16  4.215465726E-12  7.313297523E-16  1.341469223E-16  1.475504889E-15  2.327199677E-16  4.372662008E-17  3.276184555E-13  5.459550985E-14  3.569923527E-20  6.893517444E-14  6.889266160E-14  6.915445650E-14  1.233288434E-14  1.234593856E-14  1.236502652E-14 
  1.821188636E-15  3.046626521E-12  1.053214986E-12  7.315117519E-16  4.178685955E-12  8.747732537E-16  2.327199677E-16  1.134170690E-15  2.860032374E-16  8.750052303E-20  3.273856922E-13  5.457325852E-14  6.902116800E-14  6.896090548E-14  6.922982084E-14  1.235120270E-14  1.235936990E-14  1.236535979E-14 
  4.419161508E-16  2.157504343E-15  3.027781493E-12  1.394775293E-16  9.013444211E-16  4.401985612E-12  4.372662008E-17  2.860032374E-16  9.428178435E-16  2.882494913E-21  1.064336577E-19  3.701502372E-13  1.302999452E-14  1.304657151E-14  1.303801344E-14  8.297877338E-14  8.267888496E-14  8.264485457E-14 
  7.025656252E-12  1.008169104E-13  4.912034765E-20  9.635851489E-13  1.546990964E-19  8.817836335E-21  3.276184555E-13  8.750052303E-20  2.882494913E-21  1.425298302E-12  6.371196486E-13  1.697704987E-17  1.169162902E-12  1.158848062E-12  1.060647151E-12  5.291462945E-13  5.136872357E-13  5.170992585E-13 
  2.920861908E-15  6.850712532E-12  1.008149306E-13  1.030932983E-13  9.637315232E-13  1.912617612E-19  5.459550985E-14  3.273856922E-13  1.064336577E-19  6.371196486E-13  1.422856932E-12  6.290371046E-13  1.381671357E-12  1.381264583E-12  1.292023161E-12  5.264135588E-13  5.134004163E-13  5.183916228E-13 
  3.562626556E-19  2.921709309E-15  6.852263328E-12  1.126945870E-19  1.030858262E-13  1.019263953E-12  3.569923527E-20  5.457325852E-14  3.701502372E-13  1.697704987E-17  6.290371046E-13  1.422784950E-12  7.438716209E-13  7.309086848E-13  7.452204989E-13  1.073913560E-12  1.168418569E-12  1.174770694E-12 
  2.878931288E-13  3.240257297E-13  2.178830720E-13  2.677247801E-13  2.675985842E-13  4.433779959E-14  6.893517444E-14  6.902116800E-14  1.302999452E-14  1.169162902E-12  1.381671357E-12  7.438716209E-13  2.642216461E-13  1.760971689E-16  6.010458137E-20  1.820160311E-12  3.923650934E-16  2.162049218E-19 
  2.879532131E-13  3.240738586E-13  2.178323038E-13  2.676784780E-13  2.676723432E-13  4.436380425E-14  6.889266160E-14  6.896090548E-14  1.304657151E-14  1.158848062E-12  1.381264583E-12  7.309086848E-13  1.760971689E-16  2.642259305E-13  1.782058026E-16  7.744383007E-18  1.860203208E-12  3.917071190E-16 
  2.883202454E-13  3.245494100E-13  2.180038030E-13  2.682159850E-13  2.682019844E-13  4.432889990E-14  6.915445650E-14  6.922982084E-14  1.303801344E-14  1.060647151E-12  1.292023161E-12  7.452204989E-13  6.010458137E-20  1.782058026E-16  2.646690623E-13  3.125428212E-21  7.643838586E-18  1.879243664E-12 
  1.816902346E-13  1.825057889E-13  2.894669662E-13  4.423937286E-14  4.422477370E-14  2.849474935E-13  1.233288434E-14  1.235120270E-14  8.297877338E-14  5.291462945E-13  5.264135588E-13  1.073913560E-12  1.820160311E-12  7.744383007E-18  3.125428212E-21  1.921765967E-13  9.896025690E-17  3.387784759E-20 
  1.817094395E-13  1.824483743E-13  2.891586297E-13  4.423978957E-14  4.425398676E-14  2.842881788E-13  1.234593856E-14  1.235936990E-14  8.267888496E-14  5.136872357E-13  5.134004163E-13  1.168418569E-12  3.923650934E-16  1.860203208E-12  7.643838586E-18  9.896025690E-17  1.919580186E-13  9.769153430E-17 
  1.816713077E-13  1.824423087E-13  2.891439303E-13  4.425776118E-14  4.426257957E-14  2.843140730E-13  1.236502652E-14  1.236535979E-14  8.264485457E-14  5.170992585E-13  5.183916228E-13  1.174770694E-12  2.162049218E-19  3.917071190E-16  1.879243664E-12  3.387784759E-20  9.769153430E-17  1.919551258E-13 
