12.584228968882455,-0.06022135589,-0.007364401435,-1.049133284,-0.005782388433,-0.0013556214970000002,-2.999658794,-0.0018211886360000001,-0.0004419161508,-7.025656252,-0.002920861908,-3.562626556e-07,-0.2878931288,-0.28795321310000005,-0.2883202454,-0.1816902346,-0.18170943950000001,-0.1816713077,-0.02063497957
-0.06022135589,14.085933730898002,-0.059899790210000005,-0.35446732690000005,-1.041962602,-0.006622309846,-1.023017083,-3.0466265210000003,-0.0021575043429999997,-0.1008169104,-6.850712532,-0.0029217093090000003,-0.3240257297,-0.3240738586,-0.32454941000000004,-0.1825057889,-0.1824483743,-0.1824423087,-0.0164626158
-0.007364401435,-0.059899790210000005,14.056396531612446,-0.002356437996,-0.3537228404,-1.06436091,-0.0007391001810999999,-1.053214986,-3.027781493,-4.912034765e-08,-0.1008149306,-6.852263328,-0.217883072,-0.21783230380000002,-0.21800380300000002,-0.2894669662,-0.2891586297,-0.2891439303,-0.01238955967
-1.049133284,-0.35446732690000005,-0.002356437996,7.632767273731786,-0.00230467201,-0.000427897006,-4.215465726,-0.0007315117519000001,-0.00013947752929999998,-0.9635851489,-0.1030932983,-1.1269458700000001e-07,-0.2677247801,-0.267678478,-0.268215985,-0.04423937286,-0.04423978957,-0.04425776118,-0.0047062139340000005
-0.005782388433,-1.041962602,-0.3537228404,-0.00230467201,7.593497612465496,-0.002761957592,-0.0007313297523,-4.178685955000001,-0.0009013444211,-1.546990964e-07,-0.9637315231999999,-0.10308582620000001,-0.2675985842,-0.2676723432,-0.2682019844,-0.044224773700000004,-0.04425398676,-0.04426257957,-0.0036127669279999997
-0.0013556214970000002,-0.006622309846,-1.06436091,-0.000427897006,-0.002761957592,7.487218719647598,-0.00013414692230000002,-0.0008747732537,-4.401985612000001,-8.817836335000001e-09,-1.912617612e-07,-1.019263953,-0.04433779959,-0.04436380425,-0.044328899899999996,-0.2849474935,-0.2842881788,-0.284314073,-0.002851089411
-2.999658794,-1.023017083,-0.0007391001810999999,-4.215465726,-0.0007313297523,-0.00013414692230000002,8.86773827434171,-0.00023271996770000004,-4.372662008e-05,-0.3276184555,-0.05459550985,-3.5699235270000004e-08,-0.06893517444,-0.0688926616,-0.0691544565,-0.01233288434,-0.01234593856,-0.012365026519999999,-0.001475504889
-0.0018211886360000001,-3.0466265210000003,-1.053214986,-0.0007315117519000001,-4.178685955000001,-0.0008747732537,-0.00023271996770000004,8.909854694467223,-0.0002860032374,-8.750052303e-08,-0.3273856922,-0.05457325852,-0.069021168,-0.06896090548,-0.06922982084,-0.012351202700000001,-0.0123593699,-0.01236535979,-0.00113417069
-0.0004419161508,-0.0021575043429999997,-3.027781493,-0.00013947752929999998,-0.0009013444211,-4.401985612000001,-4.372662008e-05,-0.0002860032374,8.092247334041334,-2.8824949130000002e-09,-1.064336577e-07,-0.3701502372,-0.013029994520000001,-0.01304657151,-0.013038013440000001,-0.08297877338,-0.08267888496,-0.08264485457000001,-0.0009428178435
-7.025656252,-0.1008169104,-4.912034765e-08,-0.9635851489,-1.546990964e-07,-8.817836335000001e-09,-0.3276184555,-8.750052303e-08,-2.8824949130000002e-09,15.428702901170167,-0.6371196485999999,-1.697704987e-05,-1.169162902,-1.158848062,-1.0606471510000002,-0.5291462945,-0.5136872357,-0.5170992585,-1.425298302
-0.002920861908,-6.850712532,-0.1008149306,-0.1030932983,-0.9637315231999999,-1.912617612e-07,-0.05459550985,-0.3273856922,-1.064336577e-07,-0.6371196485999999,16.705433029853417,-0.6290371046000001,-1.381671357,-1.381264583,-1.2920231610000001,-0.5264135588000001,-0.5134004163,-0.5183916228,-1.4228569320000002
-3.562626556e-07,-0.0029217093090000003,-6.852263328,-1.1269458700000001e-07,-0.10308582620000001,-1.019263953,-3.5699235270000004e-08,-0.05457325852,-0.3701502372,-1.697704987e-05,-0.6290371046000001,16.09120147613535,-0.7438716209,-0.7309086848,-0.7452204989000001,-1.07391356,-1.168418569,-1.174770694,-1.42278495
-0.2878931288,-0.3240257297,-0.217883072,-0.2677247801,-0.2675985842,-0.04433779959,-0.06893517444,-0.069021168,-0.013029994520000001,-1.169162902,-1.381671357,-0.7438716209,6.940106006921803,-0.0001760971689,-6.010458137e-08,-1.820160311,-0.0003923650934,-2.1620492180000001e-07,-0.26422164610000004
-0.28795321310000005,-0.3240738586,-0.21783230380000002,-0.267678478,-0.2676723432,-0.04436380425,-0.0688926616,-0.06896090548,-0.01304657151,-1.158848062,-1.381264583,-0.7309086848,-0.0001760971689,6.956678362313509,-0.00017820580260000002,-7.744383006999999e-06,-1.8602032080000002,-0.00039170711900000005,-0.26422593050000004
-0.2883202454,-0.32454941000000004,-0.21800380300000002,-0.268215985,-0.2682019844,-0.044328899899999996,-0.0691544565,-0.06922982084,-0.013038013440000001,-1.0606471510000002,-1.2920231610000001,-0.7452204989000001,-6.010458137e-08,-0.00017820580260000002,6.8050320685511965,-3.125428212e-09,-7.643838586e-06,-1.879243664,-0.2646690623
-0.1816902346,-0.1825057889,-0.2894669662,-0.04423937286,-0.044224773700000004,-0.2849474935,-0.01233288434,-0.012351202700000001,-0.08297877338,-0.5291462945,-0.5264135588000001,-1.07391356,-1.820160311,-7.744383006999999e-06,-3.125428212e-09,5.276654552823183,-9.89602569e-05,-3.387784759e-08,-0.1921765967
-0.18170943950000001,-0.1824483743,-0.2891586297,-0.04423978957,-0.04425398676,-0.2842881788,-0.01234593856,-0.0123593699,-0.08267888496,-0.5136872357,-0.5134004163,-1.168418569,-0.0003923650934,-1.8602032080000002,-7.643838586e-06,-9.89602569e-05,5.381746700373187,-9.769153429999999e-05,-0.1919580186
-0.1816713077,-0.1824423087,-0.2891439303,-0.04425776118,-0.04426257957,-0.284314073,-0.012365026519999999,-0.01236535979,-0.08264485457000001,-0.5170992585,-0.5183916228,-1.174770694,-2.1620492180000001e-07,-0.00039170711900000005,-1.879243664,-3.387784759e-08,-9.769153429999999e-05,5.415417215166069,-0.19195512580000001
-0.02063497957,-0.0164626158,-0.01238955967,-0.0047062139340000005,-0.0036127669279999997,-0.002851089411,-0.001475504889,-0.00113417069,-0.0009428178435,-1.425298302,-1.4228569320000002,-1.42278495,-0.26422164610000004,-0.26422593050000004,-0.2646690623,-0.1921765967,-0.1919580186,-0.19195512580000001,5.704356282735501
