14.163689658922214,-0.19893636110000001,-0.006822805739,-8.571460767,-0.01971905166,-0.002287469503,-2.24552709,-0.09290405236,-3.122092517e-06,-1.608097093,-0.10570100950000001,-0.09987045110000001,-1.1587954679999999,-0.0003311756877,-0.05323374218
-0.19893636110000001,15.47507790394,-0.1926641255,-0.0181343356,-8.38684746,-0.018320862900000002,-0.090906734,-2.020608392,-0.08999748702,-0.1043327848,-1.8765295309999999,-0.103984115,-1.140240982,-1.221757025,-0.01181770802
-0.006822805739,-0.1926641255,14.134844294168605,-0.002225326283,-0.01938869739,-8.559356626,-3.2186388070000003e-06,-0.09205694148,-2.22381566,-0.09827827768000001,-0.1053000974,-1.5980198280000002,-0.0003359261278,-1.186614275,-0.04996248893
-8.571460767,-0.0181343356,-0.002225326283,10.0033797356232,-0.004150757892,-0.0007470643162,-0.7148328594000001,-0.00557830807,-9.815215021e-07,-0.594257443,-0.03403296849,-0.033408165989999995,-0.006814921072,-0.00010720425850000001,-0.017628632730000003
-0.01971905166,-8.38684746,-0.01938869739,-0.004150757892,9.966559377789999,-0.004251344054,-0.00595086615,-0.6663869515999999,-0.005582245606,-0.03385539776,-0.7678239587000001,-0.034018994739999996,-0.007439232786000001,-0.0070807757660000005,-0.004063643686
-0.002287469503,-0.018320862900000002,-8.559356626,-0.0007470643162,-0.004251344054,10.024895273622903,-1.030835204e-06,-0.005372426022,-0.7378059547,-0.03500297439,-0.03438994512,-0.6045155264000001,-0.0001117696645,-0.006406332208,-0.01632594751
-2.24552709,-0.090906734,-3.2186388070000003e-06,-0.7148328594000001,-0.00595086615,-1.030835204e-06,6.643034884785186,-0.5253894277000001,-4.85193329e-05,-0.9289589086000001,-0.7822255438000001,-0.7058690700000001,-0.05555358872,-1.516082757e-07,-0.587767876
-0.09290405236,-2.020608392,-0.09205694148,-0.00557830807,-0.6663869515999999,-0.005372426022,-0.5253894277000001,7.384924451481998,-0.5221291379,-0.74508509,-1.292449517,-0.7422123558,-0.05468389071,-0.05532424694,-0.5647437139
-3.122092517e-06,-0.08999748702,-2.22381566,-9.815215021e-07,-0.005582245606,-0.7378059547,-4.85193329e-05,-0.5221291379,6.6419140272004125,-0.7122813889,-0.7733578591000001,-0.934293825,-1.515874938e-07,-0.054968461239999995,-0.5876292332
-1.608097093,-0.1043327848,-0.09827827768000001,-0.594257443,-0.03385539776,-0.03500297439,-0.9289589086000001,-0.74508509,-0.7122813889,5.3669439395213905,-0.02334504426,-1.065618539e-05,-0.0108195187,-0.003109143546,-0.46951021870000004
-0.10570100950000001,-1.8765295309999999,-0.1053000974,-0.03403296849,-0.7678239587000001,-0.03438994512,-0.7822255438000001,-1.292449517,-0.7733578591000001,-0.02334504426,6.396299693490001,-0.02343420985,-0.01092179872,-0.01094525675,-0.5558429538
-0.09987045110000001,-0.103984115,-1.5980198280000002,-0.033408165989999995,-0.034018994739999996,-0.6045155264000001,-0.7058690700000001,-0.7422123558,-0.934293825,-1.065618539e-05,-0.02343420985,5.3631035686603905,-0.003140211175,-0.01081942852,-0.46950673090000006
-1.1587954679999999,-1.140240982,-0.0003359261278,-0.006814921072,-0.007439232786000001,-0.0001117696645,-0.05555358872,-0.05468389071,-1.515874938e-07,-0.0108195187,-0.01092179872,-0.003140211175,2.449359649287503,-1.797720951e-05,-0.00048421281520000004
-0.0003311756877,-1.221757025,-1.186614275,-0.00010720425850000001,-0.0070807757660000005,-0.006406332208,-1.516082757e-07,-0.05532424694,-0.054968461239999995,-0.003109143546,-0.01094525675,-0.01081942852,-1.797720951e-05,2.557897231383486,-0.0004157776495
-0.05323374218,-0.01181770802,-0.04996248893,-0.017628632730000003,-0.004063643686,-0.01632594751,-0.587767876,-0.5647437139,-0.5876292332,-0.46951021870000004,-0.5558429538,-0.46950673090000006,-0.00048421281520000004,-0.0004157776495,3.3889328800207
