  5.323374218E-14  1.989363611E-13  6.822805739E-15  8.571460767E-12  1.971905166E-14  2.287469503E-15  2.245527090E-12  9.290405236E-14  3.122092517E-18  1.608097093E-12  1.057010095E-13  9.987045110E-14  1.158795468E-12  3.311756877E-16 
  1.989363611E-13  1.181770802E-14  1.926641255E-13  1.813433560E-14  8.386847460E-12  1.832086290E-14  9.090673400E-14  2.020608392E-12  8.999748702E-14  1.043327848E-13  1.876529531E-12  1.039841150E-13  1.140240982E-12  1.221757025E-12 
  6.822805739E-15  1.926641255E-13  4.996248893E-14  2.225326283E-15  1.938869739E-14  8.559356626E-12  3.218638807E-18  9.205694148E-14  2.223815660E-12  9.827827768E-14  1.053000974E-13  1.598019828E-12  3.359261278E-16  1.186614275E-12 
  8.571460767E-12  1.813433560E-14  2.225326283E-15  1.762863273E-14  4.150757892E-15  7.470643162E-16  7.148328594E-13  5.578308070E-15  9.815215021E-19  5.942574430E-13  3.403296849E-14  3.340816599E-14  6.814921072E-15  1.072042585E-16 
  1.971905166E-14  8.386847460E-12  1.938869739E-14  4.150757892E-15  4.063643686E-15  4.251344054E-15  5.950866150E-15  6.663869516E-13  5.582245606E-15  3.385539776E-14  7.678239587E-13  3.401899474E-14  7.439232786E-15  7.080775766E-15 
  2.287469503E-15  1.832086290E-14  8.559356626E-12  7.470643162E-16  4.251344054E-15  1.632594751E-14  1.030835204E-18  5.372426022E-15  7.378059547E-13  3.500297439E-14  3.438994512E-14  6.045155264E-13  1.117696645E-16  6.406332208E-15 
  2.245527090E-12  9.090673400E-14  3.218638807E-18  7.148328594E-13  5.950866150E-15  1.030835204E-18  5.877678760E-13  5.253894277E-13  4.851933290E-17  9.289589086E-13  7.822255438E-13  7.058690700E-13  5.555358872E-14  1.516082757E-19 
  9.290405236E-14  2.020608392E-12  9.205694148E-14  5.578308070E-15  6.663869516E-13  5.372426022E-15  5.253894277E-13  5.647437139E-13  5.221291379E-13  7.450850900E-13  1.292449517E-12  7.422123558E-13  5.468389071E-14  5.532424694E-14 
  3.122092517E-18  8.999748702E-14  2.223815660E-12  9.815215021E-19  5.582245606E-15  7.378059547E-13  4.851933290E-17  5.221291379E-13  5.876292332E-13  7.122813889E-13  7.733578591E-13  9.342938250E-13  1.515874938E-19  5.496846124E-14 
  1.608097093E-12  1.043327848E-13  9.827827768E-14  5.942574430E-13  3.385539776E-14  3.500297439E-14  9.289589086E-13  7.450850900E-13  7.122813889E-13  4.695102187E-13  2.334504426E-14  1.065618539E-17  1.081951870E-14  3.109143546E-15 
  1.057010095E-13  1.876529531E-12  1.053000974E-13  3.403296849E-14  7.678239587E-13  3.438994512E-14  7.822255438E-13  1.292449517E-12  7.733578591E-13  2.334504426E-14  5.558429538E-13  2.343420985E-14  1.092179872E-14  1.094525675E-14 
  9.987045110E-14  1.039841150E-13  1.598019828E-12  3.340816599E-14  3.401899474E-14  6.045155264E-13  7.058690700E-13  7.422123558E-13  9.342938250E-13  1.065618539E-17  2.343420985E-14  4.695067309E-13  3.140211175E-15  1.081942852E-14 
  1.158795468E-12  1.140240982E-12  3.359261278E-16  6.814921072E-15  7.439232786E-15  1.117696645E-16  5.555358872E-14  5.468389071E-14  1.515874938E-19  1.081951870E-14  1.092179872E-14  3.140211175E-15  4.842128152E-16  1.797720951E-17 
  3.311756877E-16  1.221757025E-12  1.186614275E-12  1.072042585E-16  7.080775766E-15  6.406332208E-15  1.516082757E-19  5.532424694E-14  5.496846124E-14  3.109143546E-15  1.094525675E-14  1.081942852E-14  1.797720951E-17  4.157776495E-16 
