  1.844255791E-14  1.782608016E-13  4.459212887E-15  8.070414931E-12  4.301391050E-15  5.788452294E-16  3.522717065E-12  6.043091660E-14  1.160059223E-18  8.450572574E-13  1.774448511E-13  8.450795654E-13  3.783686163E-14  7.168648893E-13 
  1.782608016E-13  1.319983626E-14  1.785266123E-13  4.626467035E-15  7.577286707E-12  4.909386187E-15  6.032050367E-14  4.104856124E-12  6.033146772E-14  1.757357746E-13  8.426557427E-13  1.757388181E-13  7.583670919E-14  1.441498365E-12 
  4.459212887E-15  1.785266123E-13  9.288315758E-15  5.735651529E-16  4.550041670E-15  8.050379636E-12  1.146323278E-18  6.042017551E-14  3.523177889E-12  8.450548725E-13  1.774043626E-13  8.450775076E-13  3.782140972E-14  7.258513487E-13 
  8.070414931E-12  4.626467035E-15  5.735651529E-16  2.535079202E-15  4.469147089E-16  7.458379140E-17  3.094904828E-13  8.105620738E-17  1.498061862E-19  2.205295058E-13  1.104276090E-14  2.204695187E-13  7.021719887E-17  4.552429689E-16 
  4.301391050E-15  7.577286707E-12  4.550041670E-15  4.469147089E-16  1.701212542E-15  4.822318430E-16  7.766108032E-17  4.666265006E-13  7.781015418E-17  1.106092581E-14  2.208466828E-13  1.105146608E-14  1.344290564E-16  7.994792077E-16 
  5.788452294E-16  4.909386187E-15  8.050379636E-12  7.458379140E-17  4.822318430E-16  1.239090608E-15  1.494163893E-19  8.129230823E-17  3.095417509E-13  2.205143192E-13  1.105151667E-14  2.204669535E-13  7.024976666E-17  4.676195853E-16 
  3.522717065E-12  6.032050367E-14  1.146323278E-18  3.094904828E-13  7.766108032E-17  1.494163893E-19  6.455160593E-13  2.514079740E-13  1.243920963E-17  1.623200734E-12  1.194064335E-12  1.625897492E-12  6.872090578E-13  3.771672810E-14 
  6.043091660E-14  4.104856124E-12  6.042017551E-14  8.105620738E-17  4.666265006E-13  8.129230823E-17  2.514079740E-13  7.826880443E-13  2.514142203E-13  1.175899532E-12  1.614006517E-12  1.175735063E-12  1.355659470E-12  7.577397081E-14 
  1.160059223E-18  6.033146772E-14  3.523177889E-12  1.498061862E-19  7.781015418E-17  3.095417509E-13  1.243920963E-17  2.514142203E-13  6.455527113E-13  1.628190146E-12  1.187104919E-12  1.624520583E-12  6.823626239E-13  3.766813536E-14 
  8.450572574E-13  1.757357746E-13  8.450548725E-13  2.205295058E-13  1.106092581E-14  2.205143192E-13  1.623200734E-12  1.175899532E-12  1.628190146E-12  3.815065996E-13  5.214973435E-15  2.872192371E-16  3.764234652E-14  6.149471502E-15 
  1.774448511E-13  8.426557427E-13  1.774043626E-13  1.104276090E-14  2.208466828E-13  1.105151667E-14  1.194064335E-12  1.614006517E-12  1.187104919E-12  5.214973435E-15  2.374733512E-13  5.213483226E-15  3.828973252E-14  6.170864107E-15 
  8.450795654E-13  1.757388181E-13  8.450775076E-13  2.204695187E-13  1.105146608E-14  2.204669535E-13  1.625897492E-12  1.175735063E-12  1.624520583E-12  2.872192371E-16  5.213483226E-15  3.815047268E-13  3.791123585E-14  6.174208698E-15 
  3.783686163E-14  7.583670919E-14  3.782140972E-14  7.021719887E-17  1.344290564E-16  7.024976666E-17  6.872090578E-13  1.355659470E-12  6.823626239E-13  3.764234652E-14  3.828973252E-14  3.791123585E-14  2.952327170E-14  2.809304537E-14 
  7.168648893E-13  1.441498365E-12  7.258513487E-13  4.552429689E-16  7.994792077E-16  4.676195853E-16  3.771672810E-14  7.577397081E-14  3.766813536E-14  6.149471502E-15  6.170864107E-15  6.174208698E-15  2.809304537E-14  4.792450040E-16 
