14.481890306165624,-0.1782608016,-0.004459212887,-8.070414931,-0.0043013910500000006,-0.0005788452294,-3.522717065,-0.060430916599999995,-1.160059223e-06,-0.8450572574,-0.17744485110000002,-0.8450795654000001,-0.037836861629999996,-0.7168648893,-0.01844255791
-0.1782608016,14.893783315362,-0.1785266123,-0.004626467035,-7.577286707000001,-0.004909386187,-0.06032050367,-4.104856124,-0.060331467720000004,-0.1757357746,-0.8426557427,-0.17573881810000003,-0.07583670919,-1.4414983650000002,-0.01319983626
-0.004459212887,-0.1785266123,14.46258609572118,-0.0005735651529,-0.00455004167,-8.050379636,-1.146323278e-06,-0.06042017551,-3.523177889,-0.8450548725,-0.1774043626,-0.8450775076,-0.037821409720000004,-0.7258513487,-0.009288315758
-8.070414931,-0.004626467035,-0.0005735651529,8.840810475271537,-0.0004469147089,-7.458379139999999e-05,-0.3094904828,-8.105620738e-05,-1.4980618620000001e-07,-0.2205295058,-0.0110427609,-0.2204695187,-7.021719887e-05,-0.00045524296889999996,-0.002535079202
-0.0043013910500000006,-7.577286707000001,-0.00455004167,-0.0004469147089,8.2994434536025,-0.000482231843,-7.766108032e-05,-0.4666265006,-7.781015418e-05,-0.01106092581,-0.2208466828,-0.01105146608,-0.0001344290564,-0.0007994792077,-0.0017012125420000001
-0.0005788452294,-0.004909386187,-8.050379636,-7.458379139999999e-05,-0.000482231843,8.81985762500538,-1.494163893e-07,-8.129230823e-05,-0.30954175089999997,-0.2205143192,-0.01105151667,-0.2204669535,-7.024976666000001e-05,-0.00046761958530000005,-0.0012390906080000002
-3.522717065,-0.06032050367,-1.146323278e-06,-0.3094904828,-7.766108032e-05,-1.494163893e-07,9.957631827699618,-0.25140797400000003,-1.243920963e-05,-1.6232007339999999,-1.194064335,-1.625897492,-0.6872090578,-0.0377167281,-0.6455160593
-0.060430916599999995,-4.104856124,-0.06042017551,-8.105620738e-05,-0.4666265006,-8.129230823e-05,-0.25140797400000003,11.37508085663561,-0.2514142203,-1.175899532,-1.614006517,-1.175735063,-1.35565947,-0.07577397081,-0.7826880443
-1.160059223e-06,-0.060331467720000004,-3.523177889,-1.4980618620000001e-07,-7.781015418e-05,-0.30954175089999997,-1.243920963e-05,-0.2514142203,9.94995600570922,-1.628190146,-1.187104919,-1.624520583,-0.6823626239,-0.03766813536,-0.6455527113
-0.8450572574,-0.1757357746,-0.8450548725,-0.2205295058,-0.01106092581,-0.2205143192,-1.6232007339999999,-1.175899532,-1.628190146,7.176043677604098,-0.005214973435,-0.0002872192371,-0.03764234652,-0.006149471502,-0.3815065996
-0.17744485110000002,-0.8426557427,-0.1774043626,-0.0110427609,-0.2208466828,-0.01105151667,-1.194064335,-1.614006517,-1.187104919,-0.005214973435,5.7279840922580005,-0.0052134832260000005,-0.03828973252,-0.006170864107,-0.23747335120000002
-0.8450795654000001,-0.17573881810000003,-0.8450775076,-0.2204695187,-0.01105146608,-0.2204669535,-1.625897492,-1.175735063,-1.624520583,-0.0002872192371,-0.0052134832260000005,7.1751278411911,-0.03791123585,-0.006174208698,-0.38150472679999997
-0.037836861629999996,-0.07583670919,-0.037821409720000004,-7.021719887e-05,-0.0001344290564,-7.024976666000001e-05,-0.6872090578,-1.35565947,-0.6823626239,-0.03764234652,-0.03828973252,-0.03791123585,3.04846066022193,-0.02809304537,-0.0295232717
-0.7168648893,-1.4414983650000002,-0.7258513487,-0.00045524296889999996,-0.0007994792077,-0.00046761958530000005,-0.0377167281,-0.07577397081,-0.03766813536,-0.006149471502,-0.006170864107,-0.006174208698,-0.02809304537,3.0841626137129,-0.00047924500400000003
-0.01844255791,-0.01319983626,-0.009288315758,-0.002535079202,-0.0017012125420000001,-0.0012390906080000002,-0.6455160593,-0.7826880443,-0.6455527113,-0.3815065996,-0.23747335120000002,-0.38150472679999997,-0.0295232717,-0.00047924500400000003,3.150650101484
