  2.005276254E-14  3.829845564E-13  6.248072020E-14  3.002826117E-14  1.723191370E-14  1.181268121E-14  8.992169424E-15  5.208567122E-15 
  3.829845564E-13  3.136410053E-14  3.931756210E-13  6.804329188E-14  3.311372684E-14  2.126390308E-14  1.566822352E-14  8.990697816E-15 
  6.248072020E-14  3.931756210E-13  3.145870844E-14  3.726554665E-13  6.123280677E-14  3.178218842E-14  2.107541642E-14  1.174327187E-14 
  3.002826117E-14  6.804329188E-14  3.726554665E-13  3.141143739E-14  3.756273727E-13  6.301483360E-14  3.298575317E-14  1.724697585E-14 
  1.723191370E-14  3.311372684E-14  6.123280677E-14  3.756273727E-13  3.138203476E-14  3.781223403E-13  6.511608621E-14  2.953441431E-14 
  1.181268121E-14  2.126390308E-14  3.178218842E-14  6.301483360E-14  3.781223403E-13  3.146347410E-14  4.133108577E-13  6.157313651E-14 
  8.992169424E-15  1.566822352E-14  2.107541642E-14  3.298575317E-14  6.511608621E-14  4.133108577E-13  3.143136673E-14  3.960397798E-13 
  5.208567122E-15  8.990697816E-15  1.174327187E-14  1.724697585E-14  2.953441431E-14  6.157313651E-14  3.960397798E-13  2.004093299E-14 
