  9.654033054E-15  2.892533334E-13  8.253685340E-13  1.071863873E-12  3.526909544E-14  3.577815546E-14  2.961590798E-13  7.835017469E-14 
  2.892533334E-13  9.386380824E-15  3.522677056E-14  3.596098685E-14  1.042207747E-12  8.547242310E-13  7.833624522E-14  2.961484881E-13 
  8.253685340E-13  3.522677056E-14  1.627634869E-13  2.431268939E-13  2.795295853E-13  5.455013467E-15  7.266253414E-13  6.721660019E-16 
  1.071863873E-12  3.596098685E-14  2.431268939E-13  2.094217812E-13  5.591915867E-15  2.838632549E-13  2.809646190E-15  5.636670717E-13 
  3.526909544E-14  1.042207747E-12  2.795295853E-13  5.591915867E-15  2.037295245E-13  2.377759775E-13  5.612635583E-13  2.361458957E-15 
  3.577815546E-14  8.547242310E-13  5.455013467E-15  2.838632549E-13  2.377759775E-13  1.684510011E-13  7.734160376E-16  7.264961063E-13 
  2.961590798E-13  7.833624522E-14  7.266253414E-13  2.809646190E-15  5.612635583E-13  7.734160376E-16  7.071836323E-14  1.691839088E-16 
  7.835017469E-14  2.961484881E-13  6.721660019E-16  5.636670717E-13  2.361458957E-15  7.264961063E-13  1.691839088E-16  7.071992153E-14 
