  1.957957192E-14  1.774431021E-13  4.223295594E-15  9.689231804E-12  1.332369022E-14  6.332250497E-16  3.728418322E-12  7.080758497E-14  1.230812882E-18  1.053295993E-12  1.746883278E-13  1.041473689E-12  1.456374064E-20  6.242553980E-13  1.422270858E-16 
  1.774431021E-13  3.072967759E-14  1.841756025E-13  1.254553606E-14  9.080204731E-12  1.322758747E-14  7.069806122E-14  4.111081471E-12  7.310722850E-14  1.748722212E-13  1.218688821E-12  1.731207907E-13  1.768249096E-13  6.308774970E-13  6.465782692E-13 
  4.223295594E-15  1.841756025E-13  9.144934198E-15  6.339707638E-16  9.421233718E-15  9.701937342E-12  1.099618623E-18  7.776403478E-14  3.728192460E-12  1.041464470E-12  1.675826522E-13  1.053224233E-12  1.919810374E-16  1.518832510E-16  6.268985230E-13 
  9.689231804E-12  1.254553606E-14  6.339707638E-16  2.968003660E-15  1.255517744E-15  9.432101674E-17  3.830737277E-13  4.672710166E-15  1.845350055E-19  2.491890846E-13  3.150852085E-14  2.485204267E-13  2.426750130E-21  7.608039027E-15  2.129177430E-17 
  1.332369022E-14  9.080204731E-12  9.421233718E-15  1.255517744E-15  4.378113908E-15  9.793578571E-16  5.005368714E-15  4.480153358E-13  3.046886649E-15  3.175940780E-14  2.722799297E-13  3.148902826E-14  2.531295367E-14  8.199329776E-15  5.076754443E-15 
  6.332250497E-16  1.322758747E-14  9.701937342E-12  9.432101674E-17  9.793578571E-16  1.381291645E-15  1.642840226E-19  4.989125470E-15  3.831106345E-13  2.485496766E-13  3.118353065E-14  2.491653886E-13  3.432405959E-18  2.273231781E-17  7.648015385E-15 
  3.728418322E-12  7.069806122E-14  1.099618623E-18  3.830737277E-13  5.005368714E-15  1.642840226E-19  7.985866033E-13  7.153659147E-13  1.575856519E-18  1.420013299E-12  1.073505490E-12  1.402116164E-12  5.655965060E-18  4.229061559E-14  3.749724466E-20 
  7.080758497E-14  4.111081471E-12  7.776403478E-14  4.672710166E-15  4.480153358E-13  4.989125470E-15  7.153659147E-13  9.070348572E-13  7.441566193E-13  1.087040641E-12  1.708908296E-12  1.085758296E-12  3.017335511E-13  4.207930221E-14  4.745110634E-14 
  1.230812882E-18  7.310722850E-14  3.728192460E-12  1.845350055E-19  3.046886649E-15  3.831106345E-13  1.575856519E-18  7.441566193E-13  7.986638131E-13  1.396378712E-12  1.045519036E-12  1.421587410E-12  2.394916815E-15  4.338949028E-20  4.234356560E-14 
  1.053295993E-12  1.748722212E-13  1.041464470E-12  2.491890846E-13  3.175940780E-14  2.485496766E-13  1.420013299E-12  1.087040641E-12  1.396378712E-12  5.305039778E-13  1.088276413E-14  3.263760923E-16  1.563784110E-18  2.968858725E-15  8.535115539E-15 
  1.746883278E-13  1.218688821E-12  1.675826522E-13  3.150852085E-14  2.722799297E-13  3.118353065E-14  1.073505490E-12  1.708908296E-12  1.045519036E-12  1.088276413E-14  3.599812615E-13  1.394174848E-14  1.173617409E-16  8.651486040E-15  2.982414593E-15 
  1.041473689E-12  1.731207907E-13  1.053224233E-12  2.485204267E-13  3.148902826E-14  2.491653886E-13  1.402116164E-12  1.085758296E-12  1.421587410E-12  3.263760923E-16  1.394174848E-14  5.301138593E-13  3.299042825E-15  8.534110691E-15  2.964702115E-15 
  1.456374064E-20  1.768249096E-13  1.919810374E-16  2.426750130E-21  2.531295367E-14  3.432405959E-18  5.655965060E-18  3.017335511E-13  2.394916815E-15  1.563784110E-18  1.173617409E-16  3.299042825E-15  3.821169163E-14  6.293465554E-22  1.678355685E-16 
  6.242553980E-13  6.308774970E-13  1.518832510E-16  7.608039027E-15  8.199329776E-15  2.273231781E-17  4.229061559E-14  4.207930221E-14  4.338949028E-20  2.968858725E-15  8.651486040E-15  8.534110691E-15  6.293465554E-22  2.930817115E-16  5.326004946E-18 
  1.422270858E-16  6.465782692E-13  6.268985230E-13  2.129177430E-17  5.076754443E-15  7.648015385E-15  3.749724466E-20  4.745110634E-14  4.234356560E-14  8.535115539E-15  2.982414593E-15  2.964702115E-15  1.678355685E-16  5.326004946E-18  1.978653996E-16 
