16.597517476116128,-0.1774431021,-0.004223295594,-9.689231804,-0.01332369022,-0.0006332250497,-3.7284183220000005,-0.07080758497,-1.2308128819999999e-06,-1.053295993,-0.1746883278,-1.041473689,-1.456374064e-08,-0.6242553980000001,-0.0001422270858,-0.01957957192
-0.1774431021,16.77417550614,-0.1841756025,-0.01254553606,-9.080204731,-0.01322758747,-0.07069806122,-4.111081471,-0.0731072285,-0.1748722212,-1.218688821,-0.1731207907,-0.1768249096,-0.6308774970000001,-0.6465782691999999,-0.03072967759
-0.004223295594,-0.1841756025,16.605007715660825,-0.0006339707638,-0.009421233718,-9.701937342,-1.0996186230000001e-06,-0.07776403478,-3.7281924600000003,-1.04146447,-0.16758265220000002,-1.0532242330000001,-0.0001919810374,-0.00015188325099999998,-0.626898523,-0.009144934198
-9.689231804,-0.01254553606,-0.0006339707638,10.631323141023593,-0.0012555177440000001,-9.432101674e-05,-0.3830737277,-0.004672710165999999,-1.845350055e-07,-0.2491890846,-0.031508520850000006,-0.24852042670000002,-2.42675013e-09,-0.007608039027,-2.12917743e-05,-0.00296800366
-0.01332369022,-9.080204731,-0.009421233718,-0.0012555177440000001,9.939747639259096,-0.0009793578571,-0.005005368714,-0.44801533579999997,-0.003046886649,-0.0317594078,-0.2722799297,-0.03148902826,-0.025312953670000003,-0.008199329776,-0.005076754443,-0.004378113908
-0.0006332250497,-0.01322758747,-9.701937342,-9.432101674e-05,-0.0009793578571,10.642925825251332,-1.6428402260000001e-07,-0.00498912547,-0.3831106345,-0.2485496766,-0.03118353065,-0.2491653886,-3.432405959e-06,-2.2732317810000002e-05,-0.007648015384999999,-0.001381291645
-3.7284183220000005,-0.07069806122,-1.0996186230000001e-06,-0.3830737277,-0.005005368714,-1.6428402260000001e-07,9.63908209944547,-0.7153659147,-1.575856519e-06,-1.420013299,-1.07350549,-1.4021161640000002,-5.6559650600000005e-06,-0.042290615590000004,-3.749724466e-08,-0.7985866033
-0.07080758497,-4.111081471,-0.07776403478,-0.004672710165999999,-0.44801533579999997,-0.00498912547,-0.7153659147,11.356858846036001,-0.7441566193,-1.087040641,-1.708908296,-1.085758296,-0.3017335511,-0.04207930221,-0.04745110634,-0.9070348572
-1.2308128819999999e-06,-0.0731072285,-3.7281924600000003,-1.845350055e-07,-0.003046886649,-0.3831106345,-1.575856519e-06,-0.7441566193,9.638504317057896,-1.396378712,-1.0455190360000002,-1.42158741,-0.002394916815,-4.338949028e-08,-0.0423435656,-0.7986638131
-1.053295993,-0.1748722212,-1.04146447,-0.2491890846,-0.0317594078,-0.2485496766,-1.420013299,-1.087040641,-1.396378712,7.25578216127041,-0.01088276413,-0.0003263760923,-1.56378411e-06,-0.002968858725,-0.008535115539,-0.5305039778
-0.1746883278,-1.218688821,-0.16758265220000002,-0.031508520850000006,-0.2722799297,-0.03118353065,-1.07350549,-1.708908296,-1.0455190360000002,-0.01088276413,6.120421640683899,-0.01394174848,-0.0001173617409,-0.00865148604,-0.002982414593,-0.3599812615
-1.041473689,-0.1731207907,-1.0532242330000001,-0.24852042670000002,-0.03148902826,-0.2491653886,-1.4021161640000002,-1.085758296,-1.42158741,-0.0003263760923,-0.01394174848,7.265635265763301,-0.003299042825,-0.008534110691000001,-0.002964702115,-0.5301138593
-1.456374064e-08,-0.1768249096,-0.0001919810374,-2.42675013e-09,-0.025312953670000003,-3.432405959e-06,-5.6559650600000005e-06,-0.3017335511,-0.002394916815,-1.56378411e-06,-0.0001173617409,-0.003299042825,0.5482649137617664,-6.293465554e-10,-0.00016783556850000003,-0.03821169163
-0.6242553980000001,-0.6308774970000001,-0.00015188325099999998,-0.007608039027,-0.008199329776,-2.2732317810000002e-05,-0.042290615590000004,-0.04207930221,-4.338949028e-08,-0.002968858725,-0.00865148604,-0.008534110691000001,-6.293465554e-10,1.3759377043630925,-5.326004946e-06,-0.00029308171149999997
-0.0001422270858,-0.6465782691999999,-0.626898523,-2.12917743e-05,-0.005076754443,-0.007648015384999999,-3.749724466e-08,-0.04745110634,-0.0423435656,-0.008535115539,-0.002982414593,-0.002964702115,-0.00016783556850000003,-5.326004946e-06,1.391013049545391,-0.0001978653996
-0.01957957192,-0.03072967759,-0.009144934198,-0.00296800366,-0.004378113908,-0.001381291645,-0.7985866033,-0.9070348572,-0.7986638131,-0.5305039778,-0.3599812615,-0.5301138593,-0.03821169163,-0.00029308171149999997,-0.0001978653996,4.0317686038621
