3.75418364894,-0.2578596555,-1.20014644,-1.562834633,-0.02930980742,-0.02990785499,-0.4881654129,-0.1725126236,-0.01344722153
-0.2578596555,3.75146517943,-0.02929225855,-0.03003680518,-1.516687845,-1.245919,-0.1724514184,-0.4881028668,-0.01111533
-1.20014644,-0.02929225855,3.26214803404,-0.4301487483,-0.2202564921,-0.005330259199,-1.143161366,-0.001533269388,-0.2322792005
-1.562834633,-0.03003680518,-0.4301487483,3.52656739949,-0.005626725041,-0.2240134196,-0.009707789868,-0.9633381101,-0.3008611684
-0.02930980742,-1.516687845,-0.2202564921,-0.005626725041,3.49298409393,-0.4589976334,-0.9623405363,-0.007706155368,-0.2920588993
-0.02990785499,-1.245919,-0.005330259199,-0.2240134196,-0.4589976334,3.35218603884,-0.001773576351,-1.145161128,-0.2410831673
-0.4881654129,-0.1724514184,-1.143161366,-0.009707789868,-0.9623405363,-0.001773576351,2.90299885582,-0.0006809706006,-0.1247177854
-0.1725126236,-0.4881028668,-0.001533269388,-0.9633381101,-0.007706155368,-1.145161128,-0.0006809706006,2.90375341736,-0.1247182935
-0.01344722153,-0.01111533,-0.2322792005,-0.3008611684,-0.2920588993,-0.2410831673,-0.1247177854,-0.1247182935,1.34028106593
