  3.084899650E-14  2.726136862E-13  6.143525070E-14  2.529270072E-14  1.250485267E-14  7.001968073E-15  4.527093151E-15  2.307108866E-15 
  2.726136862E-13  5.364905765E-14  2.750513649E-13  6.703211068E-14  2.867507269E-14  1.520773937E-14  9.525764913E-15  4.796874713E-15 
  6.143525070E-14  2.750513649E-13  5.505126308E-14  2.523471705E-13  6.219488932E-14  2.719901954E-14  1.558785638E-14  7.613512077E-15 
  2.529270072E-14  6.703211068E-14  2.523471705E-13  5.377640454E-14  2.504701825E-13  6.033715482E-14  2.849718848E-14  1.317886893E-14 
  1.250485267E-14  2.867507269E-14  6.219488932E-14  2.504701825E-13  5.405759415E-14  2.475507339E-13  6.749868875E-14  2.702071050E-14 
  7.001968073E-15  1.520773937E-14  2.719901954E-14  6.033715482E-14  2.475507339E-13  5.317773933E-14  2.665582291E-13  6.225002636E-14 
  4.527093151E-15  9.525764913E-15  1.558785638E-14  2.849718848E-14  6.749868875E-14  2.665582291E-13  5.328240958E-14  2.683966933E-13 
  2.307108866E-15  4.796874713E-15  7.613512077E-15  1.317886893E-14  2.702071050E-14  6.225002636E-14  2.683966933E-13  3.235053300E-14 
