  9.670821437E-15  4.895104758E-13  8.270344771E-13  1.073806448E-12  3.545745581E-14  3.578934670E-14  2.963098261E-13  7.845742896E-14 
  4.895104758E-13  9.404090164E-15  3.538242536E-14  3.589331485E-14  1.044070432E-12  8.567867531E-13  7.845369326E-14  2.963022443E-13 
  8.270344771E-13  3.538242536E-14  1.627554299E-13  2.446857325E-13  2.757443894E-13  5.382576761E-15  7.129577092E-13  6.739653556E-16 
  1.073806448E-12  3.589331485E-14  2.446857325E-13  2.094147906E-13  5.583282013E-15  2.828249244E-13  2.805206087E-15  5.524852959E-13 
  3.545745581E-14  1.044070432E-12  2.757443894E-13  5.583282013E-15  2.037206005E-13  2.320114104E-13  5.564978655E-13  2.366853423E-15 
  3.578934670E-14  8.567867531E-13  5.382576761E-15  2.828249244E-13  2.320114104E-13  1.684437329E-13  7.738432263E-16  7.119424105E-13 
  2.963098261E-13  7.845369326E-14  7.129577092E-13  2.805206087E-15  5.564978655E-13  7.738432263E-16  7.071790118E-14  1.692481926E-16 
  7.845742896E-14  2.963022443E-13  6.739653556E-16  5.524852959E-13  2.366853423E-15  7.119424105E-13  1.692481926E-16  7.071717489E-14 
