  1.178485235E-15  6.056508618E-14  1.390071765E-16  1.003868831E-15  1.308354616E-16  2.552756818E-13  1.110446814E-12  1.882735891E-14  6.624139292E-13  5.874990210E-13  1.322354163E-16  2.845848419E-16  4.841794195E-16  1.413877862E-11  4.273576660E-13  4.288758849E-13 
  6.056508618E-14  1.519901495E-15  6.128406663E-14  6.706970117E-13  1.184871421E-13  8.347955545E-15  8.559909375E-13  1.147196673E-12  6.969814167E-13  7.925764365E-14  1.342486227E-16  2.883265891E-16  1.266750780E-15  1.547375602E-11  6.280159846E-16  6.042697256E-16 
  1.390071765E-16  6.128406663E-14  6.019211684E-16  9.766377094E-16  8.389910930E-13 -8.633788932E-22  9.319130149E-15  2.746493821E-13  1.776594478E-12  5.861693454E-13  5.356280927E-25 -8.499425927E-26  7.691882866E-16  1.448417838E-11  7.089017289E-18  6.882527650E-18 
  1.003868831E-15  6.706970117E-13  9.766377094E-16  1.569160092E-16  6.088241429E-16  5.666071888E-17  7.921387120E-14  6.122272927E-14  1.137981750E-13  5.177920379E-15  1.514796737E-18  3.853380565E-18  1.245293438E-17  4.247352924E-12  3.254597844E-17  2.621175595E-17 
  1.308354616E-16  1.184871421E-13  8.389910930E-13  6.088241429E-16  7.720529222E-17 -1.111020109E-22  1.123070215E-16  5.443999762E-14  2.122481536E-13  1.113061934E-13  7.540679286E-26  4.311446693E-27  1.246722730E-17  6.212449885E-12  1.356381207E-18  6.259663017E-18 
  2.552756818E-13  8.347955545E-15 -8.633788932E-22  5.666071888E-17 -1.111020109E-22  3.175340596E-21  1.064181681E-13  6.465427969E-16  2.797279055E-13 -8.342263521E-24  1.044502029E-15  7.146330001E-16  3.678981651E-21  3.028601805E-12  1.719264716E-14  3.077494618E-19 
  1.110446814E-12  8.559909375E-13  9.319130149E-15  7.921387120E-14  1.123070215E-16  1.064181681E-13  1.362200669E-21  1.535798701E-13  4.210613275E-13  2.815776381E-13  1.064921615E-15  1.278478179E-15  6.287797944E-15  1.051883882E-11  4.085601474E-14  5.821720110E-14 
  1.882735891E-14  1.147196673E-12  2.746493821E-13  6.122272927E-14  5.443999762E-14  6.465427969E-16  1.535798701E-13  2.633889084E-22  6.972879118E-13  2.050608540E-13  1.449963614E-21  4.201693184E-16  6.709317163E-15  9.506569654E-12  3.442132401E-17  1.257203374E-16 
  6.624139292E-13  6.969814167E-13  1.776594478E-12  1.137981750E-13  2.122481536E-13  2.797279055E-13  4.210613275E-13  6.972879118E-13  1.272366939E-21  2.819751906E-13  3.076896975E-16  1.108856329E-15  2.452945692E-15  1.716350449E-11  1.110315870E-13  4.967334977E-15 
  5.874990210E-13  7.925764365E-14  5.861693454E-13  5.177920379E-15  1.113061934E-13 -8.342263521E-24  2.815776381E-13  2.050608540E-13  2.819751906E-13  4.274985766E-21 -1.568778744E-24  8.078809279E-23  8.610874648E-16  5.922962063E-12  2.081045333E-20  1.058435694E-13 
  1.322354163E-16  1.342486227E-16  5.356280927E-25  1.514796737E-18  7.540679286E-26  1.044502029E-15  1.064921615E-15  1.449963614E-21  3.076896975E-16 -1.568778744E-24 -4.323351036E-24  8.972605510E-19 -8.861315190E-27  4.448359416E-14  1.454995656E-18  1.026367465E-25 
  2.845848419E-16  2.883265891E-16 -8.499425927E-26  3.853380565E-18  4.311446693E-27  7.146330001E-16  1.278478179E-15  4.201693184E-16  1.108856329E-15  8.078809279E-23  8.972605510E-19  2.508299844E-22  1.585649073E-18  3.772414052E-14  3.910291497E-18  3.521936835E-19 
  4.841794195E-16  1.266750780E-15  7.691882866E-16  1.245293438E-17  1.246722730E-17  3.678981651E-21  6.287797944E-15  6.709317163E-15  2.452945692E-15  8.610874648E-16 -8.861315190E-27  1.585649073E-18 -1.616527898E-22  2.181863079E-13  6.206782562E-19  5.756414404E-18 
  1.413877862E-11  1.547375602E-11  1.448417838E-11  4.247352924E-12  6.212449885E-12  3.028601805E-12  1.051883882E-11  9.506569654E-12  1.716350449E-11  5.922962063E-12  4.448359416E-14  3.772414052E-14  2.181863079E-13  4.702591147E-12  2.717041674E-12  2.721534596E-12 
  4.273576660E-13  6.280159846E-16  7.089017289E-18  3.254597844E-17  1.356381207E-18  1.719264716E-14  4.085601474E-14  3.442132401E-17  1.110315870E-13  2.081045333E-20  1.454995656E-18  3.910291497E-18  6.206782562E-19  2.717041674E-12  7.250015732E-17  5.488818728E-16 
  4.288758849E-13  6.042697256E-16  6.882527650E-18  2.621175595E-17  6.259663017E-18  3.077494618E-19  5.821720110E-14  1.257203374E-16  4.967334977E-15  1.058435694E-13  1.026367465E-25  3.521936835E-19  5.756414404E-18  2.721534596E-12  5.488818728E-16  6.710890935E-17 
