17.693393258371795,-0.060565086179999998,-0.00013900717650000002,-0.0010038688310000001,-0.00013083546160000002,-0.25527568180000004,-1.1104468139999999,-0.018827358910000001,-0.66241392919999997,-0.58749902100000007,-0.0001322354163,-0.00028458484190000002,-0.00048417941949999995,-14.13877862,-0.42735766600000002,-0.4288758849,-0.0011784852350000001
-0.060565086179999998,19.177005466202001,-0.061284066630000002,-0.67069701169999996,-0.1184871421,-0.0083479555450000006,-0.85599093749999999,-1.1471966730000001,-0.69698141670000002,-0.079257643650000001,-0.0001342486227,-0.0002883265891,-0.00126675078,-15.47375602,-0.00062801598460000005,-0.00060426972560000006,-0.0015199014950000001
-0.00013900717650000002,-0.061284066630000002,18.033686600301909,-0.00097663770939999993,-0.83899109299999997,8.6337889320000009e-10,-0.009319130149,-0.27464938210000001,-1.776594478,-0.58616934539999999,-5.3562809270000005e-13,8.4994259269999998e-14,-0.00076918828659999999,-14.484178380000001,-7.0890172890000006e-06,-6.8825276499999999e-06,-0.00060192116839999994
-0.0010038688310000001,-0.67069701169999996,-0.00097663770939999993,5.1803421178064522,-0.00060882414289999999,-5.6660718879999998e-05,-0.079213871199999994,-0.061222729269999998,-0.11379817500000002,-0.0051779203789999997,-1.514796737e-06,-3.8533805649999999e-06,-1.245293438e-05,-4.2473529240000003,-3.2545978440000002e-05,-2.6211755949999999e-05,-0.0001569160092
-0.00013083546160000002,-0.1184871421,-0.83899109299999997,-0.00060882414289999999,7.5488717197987221,1.111020109e-10,-0.00011230702149999999,-0.054439997620000007,-0.21224815360000002,-0.1113061934,-7.5406792860000004e-14,-4.3114466930000002e-15,-1.24672273e-05,-6.2124498849999998,-1.3563812070000002e-06,-6.2596630169999995e-06,-7.7205292219999992e-05
-0.25527568180000004,-0.0083479555450000006,8.6337889320000009e-10,-5.6660718879999998e-05,1.111020109e-10,3.6980268152708411,-0.1064181681,-0.00064654279690000004,-0.27972790549999998,8.3422635209999994e-12,-0.001044502029,-0.00071463300010000009,-3.6789816510000003e-09,-3.0286018050000001,-0.017192647160000001,-3.077494618e-07,-3.1753405960000003e-09
-1.1104468139999999,-0.85599093749999999,-0.009319130149,-0.079213871199999994,-0.00011230702149999999,-0.1064181681,13.644263298610701,-0.15357987009999999,-0.42106132750000003,-0.28157763809999997,-0.0010649216150000001,-0.0012784781790000001,-0.006287797944,-10.518838820000001,-0.040856014739999995,-0.058217201100000004,-1.3622006690000001e-09
-0.018827358910000001,-1.1471966730000001,-0.27464938210000001,-0.061222729269999998,-0.054439997620000007,-0.00064654279690000004,-0.15357987009999999,12.126770603453062,-0.69728791179999994,-0.20506085400000001,-1.4499636140000002e-09,-0.00042016931840000002,-0.006709317163,-9.5065696539999998,-3.4421324010000004e-05,-0.00012572033740000001,-2.6338890840000001e-10
-0.66241392919999997,-0.69698141670000002,-1.776594478,-0.11379817500000002,-0.21224815360000002,-0.27972790549999998,-0.42106132750000003,-0.69728791179999994,22.425461392867867,-0.28197519059999998,-0.00030768969749999997,-0.0011088563290000001,-0.002452945692,-17.163504490000001,-0.11103158700000001,-0.0049673349770000003,-1.2723669389999999e-09
-0.58749902100000007,-0.079257643650000001,-0.58616934539999999,-0.0051779203789999997,-0.1113061934,8.3422635209999994e-12,-0.28157763809999997,-0.20506085400000001,-0.28197519059999998,8.1676905515501161,1.568778744e-12,-8.0788092790000004e-11,-0.00086108746479999999,-5.9229620629999999,-2.0810453330000001e-08,-0.1058435694,-4.2749857659999997e-09
-0.0001322354163,-0.0001342486227,-5.3562809270000005e-13,-1.514796737e-06,-7.5406792860000004e-14,-0.001044502029,-0.0010649216150000001,-1.4499636140000002e-09,-0.00030768969749999997,1.568778744e-12,0.047171060038220296,-8.9726055099999991e-07,8.8613151899999995e-15,-0.044483594160000001,-1.4549956560000002e-06,-1.0263674650000001e-13,4.3233510360000004e-12
-0.00028458484190000002,-0.0002883265891,8.4994259269999998e-14,-3.8533805649999999e-06,-4.3114466930000002e-15,-0.00071463300010000009,-0.0012784781790000001,-0.00042016931840000002,-0.0011088563290000001,-8.0788092790000004e-11,-8.9726055099999991e-07,0.041829787884406902,-1.5856490730000001e-06,-0.037724140520000005,-3.9102914969999996e-06,-3.521936835e-07,-2.5082998439999998e-10
-0.00048417941949999995,-0.00126675078,-0.00076918828659999999,-1.245293438e-05,-1.24672273e-05,-3.6789816510000003e-09,-0.006287797944,-0.006709317163,-0.002452945692,-0.00086108746479999999,8.8613151899999995e-15,-1.5856490730000001e-06,0.23705046107063318,-0.21818630789999999,-6.2067825619999999e-07,-5.7564144039999998e-06,1.6165278980000001e-10
-14.13877862,-15.47375602,-14.484178380000001,-4.2473529240000003,-6.2124498849999998,-3.0286018050000001,-10.518838820000001,-9.5065696539999998,-17.163504490000001,-5.9229620629999999,-0.044483594160000001,-0.037724140520000005,-0.21818630789999999,111.13855412057998,-2.7170416740000003,-2.7215345960000001,-4.7025911469999997
-0.42735766600000002,-0.00062801598460000005,-7.0890172890000006e-06,-3.2545978440000002e-05,-1.3563812070000002e-06,-0.017192647160000001,-0.040856014739999995,-3.4421324010000004e-05,-0.11103158700000001,-2.0810453330000001e-08,-1.4549956560000002e-06,-3.9102914969999996e-06,-6.2067825619999999e-07,-2.7170416740000003,3.3148104063915285,-0.0005488818728,-7.2500157320000004e-05
-0.4288758849,-0.00060426972560000006,-6.8825276499999999e-06,-2.6211755949999999e-05,-6.2596630169999995e-06,-3.077494618e-07,-0.058217201100000004,-0.00012572033740000001,-0.0049673349770000003,-0.1058435694,-1.0263674650000001e-13,-3.521936835e-07,-5.7564144039999998e-06,-2.7215345960000001,-0.0005488818728,3.3208303375264192,-6.7108909350000013e-05
-0.0011784852350000001,-0.0015199014950000001,-0.00060192116839999994,-0.0001569160092,-7.7205292219999992e-05,-3.1753405960000003e-09,-1.3622006690000001e-09,-2.6338890840000001e-10,-1.2723669389999999e-09,-4.2749857659999997e-09,4.3233510360000004e-12,-2.5082998439999998e-10,1.6165278980000001e-10,-4.7025911469999997,-7.2500157320000004e-05,-6.7108909350000013e-05,4.7062651956996264
