19.50310480508889,-0.1061317599,-1.668281167e-12,-12.40685331,-0.0007130744878,-3.091904224e-13,-2.8979608590000003,-0.07967441396,-2.738023454e-09,-1.505143429,-0.1762304921,-1.505595564,-0.8243512326,2.671812884e-11,-0.00045066732780000006
-0.1061317599,20.0668053463931,-0.11190704550000001,-0.0006738316467,-12.31572541,-0.0007024323164,-0.08028451718,-3.709766606,-0.07965945341,-0.1762244288,-1.68473593,-0.1762556542,-0.842002933,-0.7492706877,-0.03346465674
-1.668281167e-12,-0.11190704550000001,19.70339649945641,2.0498188480000002e-11,-0.0007212939237000001,-12.72084746,-2.976544168e-09,-0.07960172475,-2.895615471,-1.5069615600000001,-0.1763222258,-1.506097502,7.800277677000001e-11,-0.7048476995,-0.000474514103
-12.40685331,-0.0006738316467,2.0498188480000002e-11,13.22749882875837,-5.818354882e-06,2.403683323e-12,-0.33639773079999996,-0.0008398635344000001,-9.583917621e-10,-0.22941564909999998,-0.023568904770000003,-0.22916525399999998,-0.0005727538876000001,-6.107644873e-14,-5.711729233e-06
-0.0007130744878,-12.31572541,-0.0007212939237000001,-5.818354882e-06,13.110735205086185,-5.923065401e-06,-0.0009677037174000001,-0.48017450300000003,-0.0009410916333,-0.02374611662,-0.2576981215,-0.02365154833,-0.0006407294853,-0.0006300825004,-0.005113788468
-3.091904224e-13,-0.0007024323164,-12.72084746,2.403683323e-12,-5.923065401e-06,13.541657183832863,-6.588483915000001e-12,-0.0008520548521,-0.3386353444,-0.22785951999999998,-0.02362196524,-0.2285023306,1.18682426e-11,-0.0006244234185,-5.7299478359999994e-06
-2.8979608590000003,-0.08028451718,-2.976544168e-09,-0.33639773079999996,-0.0009677037174000001,-6.588483915000001e-12,8.337374604990138,-0.44412370910000004,-2.216820179e-06,-1.405779018,-1.0926400410000001,-1.3981275990000002,-0.04629094621,-1.479426408e-09,-0.6348002597
-0.07967441396,-3.709766606,-0.07960172475,-0.0008398635344000001,-0.48017450300000003,-0.0008520548521,-0.44412370910000004,10.1873337300965,-0.4437297683,-1.130422191,-1.753261483,-1.131551465,-0.04749378699,-0.04700389301,-0.8388382676
-2.738023454e-09,-0.07965945341,-2.895615471,-9.583917621e-10,-0.0009410916333,-0.3386353444,-2.216820179e-06,-0.4437297683,8.33630119629166,-1.409857296,-1.091917923,-1.3943175799999998,-1.361767851e-09,-0.04688915397,-0.6347358927
-1.505143429,-0.1762244288,-1.5069615600000001,-0.22941564909999998,-0.02374611662,-0.22785951999999998,-1.405779018,-1.130422191,-1.409857296,8.3257866100349,-0.009003132538,-0.0008927798959000001,-0.003405409795,-0.003367429986,-0.6937086493000001
-0.1762304921,-1.68473593,-0.1763222258,-0.023568904770000003,-0.2576981215,-0.02362196524,-1.0926400410000001,-1.753261483,-1.091917923,-0.009003132538,6.748385046430999,-0.008981979777,-0.0036345569680000006,-0.003455922638,-0.44331236809999996
-1.505595564,-0.1762556542,-1.506097502,-0.22916525399999998,-0.02365154833,-0.2285023306,-1.3981275990000002,-1.131551465,-1.3943175799999998,-0.0008927798959000001,-0.008981979777,8.303782299087901,-0.003416228921,-0.0035121696640000003,-0.6937146437
-0.8243512326,-0.842002933,7.800277677000001e-11,-0.0005727538876000001,-0.0006407294853,1.18682426e-11,-0.04629094621,-0.04749378699,-1.361767851e-09,-0.003405409795,-0.0036345569680000006,-0.003416228921,1.771848686328345,1.3052037500000001e-11,-4.01072126e-05
2.671812884e-11,-0.7492706877,-0.7048476995,-6.107644873e-14,-0.0006300825004,-0.0006244234185,-1.479426408e-09,-0.04700389301,-0.04688915397,-0.003367429986,-0.003455922638,-0.0035121696640000003,1.3052037500000001e-11,1.5596439180120174,-4.2454185399999996e-05
-0.00045066732780000006,-0.03346465674,-0.000474514103,-5.711729233e-06,-0.005113788468,-5.7299478359999994e-06,-0.6348002597,-0.8388382676,-0.6347358927,-0.6937086493000001,-0.44331236809999996,-0.6937146437,-4.01072126e-05,-4.2454185399999996e-05,3.9787077108138686
