  1.706349090E-14  1.201029907E-13  3.897702457E-15  1.187459501E-11  1.025117855E-14  8.626943377E-16  1.767240958E-12  8.288222153E-14  1.432243759E-18  5.273378658E-13  7.835403888E-15  1.259047292E-18  9.924297681E-13  1.306226175E-13  7.493673303E-13  1.554634613E-16 
  1.201029907E-13  8.822383650E-14  1.441105199E-13  9.866204587E-15  1.135807563E-11  1.238129515E-14  2.896720715E-14  1.213078205E-12  1.422110286E-13  8.502418277E-15  8.433059335E-14  1.151893767E-13  1.287449455E-13  1.223922841E-12  9.770204152E-13  5.574463391E-13 
  3.897702457E-15  1.441105199E-13  3.246029508E-13  8.614268170E-16  1.148634617E-14  1.305403455E-11  1.621025063E-17  1.319221324E-13  2.144290736E-13  3.805740231E-18  1.973717843E-17  1.914569381E-14  2.616857295E-13  6.646671307E-13  1.637730401E-16  6.120635390E-13 
  1.187459501E-11  9.866204587E-15  8.614268170E-16  3.852537849E-15  1.482818241E-15  1.907084570E-16  4.095052134E-13  1.180044266E-14  2.041686680E-19  1.099969580E-13  4.542417480E-16  1.680802351E-19  2.329377132E-13  2.342349557E-14  3.949701876E-15  3.421367114E-17 
  1.025117855E-14  1.135807563E-11  1.148634617E-14  1.482818241E-15  2.205550035E-14  1.744540302E-15  2.906788287E-15  2.751095515E-13  2.480285375E-14  5.047927602E-16  1.813319210E-14  2.601441494E-14  2.762876066E-14  2.795167072E-13  3.562659568E-15  4.310517575E-15 
  8.626943377E-16  1.238129515E-14  1.305403455E-11  1.907084570E-16  1.744540302E-15  7.556548572E-14  3.706258198E-18  2.354660033E-14  4.086286037E-14  8.635976773E-19  4.547090118E-18  2.760874011E-15  6.172768832E-14  1.427168100E-13  3.610444321E-17  5.108493764E-15 
  1.767240958E-12  2.896720715E-14  1.621025063E-17  4.095052134E-13  2.906788287E-15  3.706258198E-18  3.655763962E-13  1.725342660E-13  7.086249366E-17  1.017474545E-13  3.132077504E-14  6.062868756E-17  8.898417939E-13  1.177947352E-12  1.739231794E-14  6.703759864E-19 
  8.288222153E-14  1.213078205E-12  1.319221324E-13  1.180044266E-14  2.751095515E-13  2.354660033E-14  1.725342660E-13  2.916164550E-13  3.163413920E-13  5.315885307E-13  7.353227638E-15  1.733032161E-13  8.588983463E-13  1.099348799E-12  2.280037096E-14  1.537073780E-14 
  1.432243759E-18  1.422110286E-13  2.144290736E-13  2.041686680E-19  2.480285375E-14  4.086286037E-14  7.086249366E-17  3.163413920E-13  7.378897915E-14  1.525482973E-17  1.161836988E-16  1.105853214E-13  2.038708389E-14  9.605150333E-13  4.475885233E-19  2.723720851E-14 
  5.273378658E-13  8.502418277E-15  3.805740231E-18  1.099969580E-13  5.047927602E-16  8.635976773E-19  1.017474545E-13  5.315885307E-13  1.525482973E-17  1.070207407E-13  5.533909986E-16  4.091344570E-18  1.194293042E-13  8.084199113E-14  5.326202890E-15  1.271869902E-19 
  7.835403888E-15  8.433059335E-14  1.973717843E-17  4.542417480E-16  1.813319210E-14  4.547090118E-18  3.132077504E-14  7.353227638E-15  1.161836988E-16  5.533909986E-16  1.888571688E-14  7.217123908E-17  5.818449085E-16  4.128516021E-13  4.280374782E-15  8.522587307E-19 
  1.259047292E-18  1.151893767E-13  1.914569381E-14  1.680802351E-19  2.601441494E-14  2.760874011E-15  6.062868756E-17  1.733032161E-13  1.105853214E-13  4.091344570E-18  7.217123908E-17  2.778339624E-14  1.878674574E-15  1.100313812E-14  4.405591899E-19  6.154621298E-15 
  9.924297681E-13  1.287449455E-13  2.616857295E-13  2.329377132E-13  2.762876066E-14  6.172768832E-14  8.898417939E-13  8.588983463E-13  2.038708389E-14  1.194293042E-13  5.818449085E-16  1.878674574E-15  2.826139290E-13  1.158322063E-12  1.281543334E-14  3.548508393E-15 
  1.306226175E-13  1.223922841E-12  6.646671307E-13  2.342349557E-14  2.795167072E-13  1.427168100E-13  1.177947352E-12  1.099348799E-12  9.605150333E-13  8.084199113E-14  4.128516021E-13  1.100313812E-14  1.158322063E-12  4.109515754E-13  1.870272810E-14  1.907589513E-14 
  7.493673303E-13  9.770204152E-13  1.637730401E-16  3.949701876E-15  3.562659568E-15  3.610444321E-17  1.739231794E-14  2.280037096E-14  4.475885233E-19  5.326202890E-15  4.280374782E-15  4.405591899E-19  1.281543334E-14  1.870272810E-14  4.199472162E-16  7.023120847E-18 
  1.554634613E-16  5.574463391E-13  6.120635390E-13  3.421367114E-17  4.310517575E-15  5.108493764E-15  6.703759864E-19  1.537073780E-14  2.723720851E-14  1.271869902E-19  8.522587307E-19  6.154621298E-15  3.548508393E-15  1.907589513E-14  7.023120847E-18  1.751301471E-15 
