  1.287270248E-14  1.190963298E-13  3.896648582E-15  1.186985840E-11  1.008868556E-14  8.625028928E-16  2.360558006E-12  4.598412575E-14  1.569816669E-18  8.476528618E-13  1.278709068E-13  1.271280105E-13  2.887386394E-14  5.223532763E-21  7.491047532E-13  1.554494238E-16 
  1.190963298E-13  9.904867116E-15  1.325373796E-13  9.775149204E-15  1.126364700E-11  1.016870884E-14  4.486761118E-14  2.260652634E-12  4.594882872E-14  1.260160607E-13  8.396462644E-13  1.261686832E-13  2.842562101E-14  2.868824502E-14  9.765560896E-13  5.561936984E-13 
  3.896648582E-15  1.325373796E-13  7.847272514E-15  8.612182106E-16  1.033595884E-14  1.269408052E-11  1.151967655E-18  4.576338581E-14  2.360291474E-12  1.270562683E-13  1.280501338E-13  8.474254957E-13  4.430681598E-21  2.890576856E-14  1.636466017E-16  6.057505540E-13 
  1.186985840E-11  9.775149204E-15  8.612182106E-16  2.857671828E-15  1.470178209E-15  1.906717399E-16  5.248509299E-13  2.448319214E-15  3.473700775E-19  2.063400243E-13  2.984210612E-14  2.967757467E-14  2.014041266E-15  1.099638650E-21  3.915226012E-15  3.421162946E-17 
  1.008868556E-14  1.126364700E-11  1.033595884E-14  1.470178209E-15  2.248891072E-15  1.519558939E-15  2.607064275E-15  5.116219424E-13  2.568585069E-15  2.996023210E-14  2.143646242E-13  2.974001822E-14  2.125136396E-15  2.105365480E-15  3.475220077E-15  4.154355602E-15 
  8.625028928E-16  1.016870884E-14  1.269408052E-11  1.906717399E-16  1.519558939E-15  1.722005425E-15  2.553364087E-19  2.448511275E-15  5.247385381E-13  2.972786577E-14  2.963418112E-14  2.066115944E-13  9.548455267E-22  2.036645916E-15  3.607749331E-17  3.887114488E-15 
  2.360558006E-12  4.486761118E-14  1.151967655E-18  5.248509299E-13  2.607064275E-15  2.553364087E-19  4.867744254E-13  1.942109916E-13  4.497747582E-17  1.149142849E-12  1.012244908E-12  9.945224147E-13  5.588758917E-13  7.773309528E-18  3.115145866E-14  4.456571471E-20 
  4.598412575E-14  2.260652634E-12  4.576338581E-14  2.448319214E-15  5.116219424E-13  2.448511275E-15  1.942109916E-13  4.806910852E-13  1.958208006E-13  1.037335093E-12  1.306501533E-12  1.018250002E-12  5.750256190E-13  5.565236007E-13  2.908542926E-14  3.044568528E-14 
  1.569816669E-18  4.594882872E-14  2.360291474E-12  3.473700775E-19  2.568585069E-15  5.247385381E-13  4.497747582E-17  1.958208006E-13  4.867612842E-13  9.960179266E-13  1.014303072E-12  1.142050189E-12  7.767922680E-18  5.537519367E-13  6.403165383E-20  2.997223719E-14 
  8.476528618E-13  1.260160607E-13  1.270562683E-13  2.063400243E-13  2.996023210E-14  2.972786577E-14  1.149142849E-12  1.037335093E-12  9.960179266E-13  2.254685226E-13  8.799039284E-15  2.094650189E-16  1.983545490E-14  1.686449943E-14  3.708894932E-15  2.986748525E-15 
  1.278709068E-13  8.396462644E-13  1.280501338E-13  2.984210612E-14  2.143646242E-13  2.963418112E-14  1.012244908E-12  1.306501533E-12  1.014303072E-12  8.799039284E-15  2.260019965E-13  8.768593131E-15  2.003720813E-14  2.007564654E-14  3.598623172E-15  3.740494688E-15 
  1.271280105E-13  1.261686832E-13  8.474254957E-13  2.967757467E-14  2.974001822E-14  2.066115944E-13  9.945224147E-13  1.018250002E-12  1.142050189E-12  2.094650189E-16  8.768593131E-15  2.254725243E-13  1.689568620E-14  1.943047128E-14  2.990082013E-15  3.699876868E-15 
  2.887386394E-14  2.842562101E-14  4.430681598E-21  2.014041266E-15  2.125136396E-15  9.548455267E-22  5.588758917E-13  5.750256190E-13  7.767922680E-18  1.983545490E-14  2.003720813E-14  1.689568620E-14  1.203024206E-14  1.317595200E-18  1.185188920E-14  2.662155332E-22 
  5.223532763E-21  2.868824502E-14  2.890576856E-14  1.099638650E-21  2.105365480E-15  2.036645916E-15  7.773309528E-18  5.565236007E-13  5.537519367E-13  1.686449943E-14  2.007564654E-14  1.943047128E-14  1.317595200E-18  1.202947781E-14  3.194887058E-22  1.154938329E-14 
  7.491047532E-13  9.765560896E-13  1.636466017E-16  3.915226012E-15  3.475220077E-15  3.607749331E-17  3.115145866E-14  2.908542926E-14  6.403165383E-20  3.708894932E-15  3.598623172E-15  2.990082013E-15  1.185188920E-14  3.194887058E-22  2.693463232E-16  7.018915893E-18 
  1.554494238E-16  5.561936984E-13  6.057505540E-13  3.421162946E-17  4.154355602E-15  3.887114488E-15  4.456571471E-20  3.044568528E-14  2.997223719E-14  2.986748525E-15  3.740494688E-15  3.699876868E-15  2.662155332E-22  1.154938329E-14  7.018915893E-18  1.994690302E-16 
