  1.388869748E-14  1.787948366E-13  6.937175012E-15  5.551456526E-12  5.501935448E-15  8.901703130E-16  2.480016405E-12  8.167846431E-14  3.337924048E-18  1.302958278E-12  1.172119348E-13  1.167697616E-13  7.741687822E-13  2.807318177E-16 
  1.787948366E-13  1.174313715E-14  1.796565764E-13  5.471632651E-15  5.534635632E-12  5.601895623E-15  8.157554837E-14  2.353428363E-12  8.164011342E-14  1.157827003E-13  1.300966458E-12  1.157869537E-13  7.907146178E-13  7.858709052E-13 
  6.937175012E-15  1.796565764E-13  9.977879416E-15  8.892093457E-16  5.633630240E-15  5.512951202E-12  3.337816477E-18  8.178097076E-14  2.480099884E-12  1.167909401E-13  1.172232595E-13  1.302951284E-12  2.895739964E-16  7.722739546E-13 
  5.551456526E-12  5.471632651E-15  8.892093457E-16  1.829482028E-15  5.430211824E-16  1.142501673E-16  2.836942862E-13  5.636237520E-16  4.296576299E-19  2.257516521E-13  1.524907708E-14  1.522042962E-14  9.869869770E-16  3.562159722E-17 
  5.501935448E-15  5.534635632E-12  5.633630240E-15  5.430211824E-16  1.567980150E-15  5.604509008E-16  5.655905339E-16  2.834070235E-13  5.645172330E-16  1.522309846E-14  2.255502847E-13  1.522564358E-14  9.664162030E-16  9.679047728E-16 
  8.901703130E-16  5.601895623E-15  5.512951202E-12  1.142501673E-16  5.604509008E-16  1.308586851E-15  4.300521681E-19  5.637450257E-16  2.835388959E-13  1.522164199E-14  1.522615715E-14  2.257659520E-13  3.680220986E-17  9.936422367E-16 
  2.480016405E-12  8.157554837E-14  3.337816477E-18  2.836942862E-13  5.655905339E-16  4.300521681E-19  5.464596099E-13  8.120507749E-13  4.955099020E-17  1.479086764E-12  7.508350908E-13  7.364634845E-13  4.751465419E-14  1.286832154E-19 
  8.167846431E-14  2.353428363E-12  8.178097076E-14  5.636237520E-16  2.834070235E-13  5.637450257E-16  8.120507749E-13  5.464854148E-13  8.109154501E-13  7.535411205E-13  1.463341894E-12  7.576805321E-13  4.727086218E-14  4.724483097E-14 
  3.337924048E-18  8.164011342E-14  2.480099884E-12  4.296576299E-19  5.645172330E-16  2.835388959E-13  4.955099020E-17  8.109154501E-13  5.464513787E-13  7.379436202E-13  7.559660468E-13  1.453937792E-12  1.329829543E-19  4.756912081E-14 
  1.302958278E-12  1.157827003E-13  1.167909401E-13  2.257516521E-13  1.522309846E-14  1.522164199E-14  1.479086764E-12  7.535411205E-13  7.379436202E-13  3.393273336E-13  1.340097878E-14  1.153132318E-14  3.360108771E-15  2.977274038E-15 
  1.172119348E-13  1.300966458E-12  1.172232595E-13  1.524907708E-14  2.255502847E-13  1.522615715E-14  7.508350908E-13  1.463341894E-12  7.559660468E-13  1.340097878E-14  3.393309571E-13  1.340215092E-14  3.355704070E-15  3.346103634E-15 
  1.167697616E-13  1.157869537E-13  1.302951284E-12  1.522042962E-14  1.522564358E-14  2.257659520E-13  7.364634845E-13  7.576805321E-13  1.453937792E-12  1.153132318E-14  1.340215092E-14  3.393256377E-13  2.991063172E-15  3.355851999E-15 
  7.741687822E-13  7.907146178E-13  2.895739964E-16  9.869869770E-16  9.664162030E-16  3.680220986E-17  4.751465419E-14  4.727086218E-14  1.329829543E-19  3.360108771E-15  3.355704070E-15  2.991063172E-15  3.331302719E-16  1.289390169E-17 
  2.807318177E-16  7.858709052E-13  7.722739546E-13  3.562159722E-17  9.679047728E-16  9.936422367E-16  1.286832154E-19  4.724483097E-14  4.756912081E-14  2.977274038E-15  3.346103634E-15  3.355851999E-15  1.289390169E-17  2.732952132E-16 
