10.630557036504749,-0.1787948366,-0.006937175012,-5.551456526,-0.005501935448,-0.000890170313,-2.480016405,-0.08167846431,-3.3379240480000003e-06,-1.302958278,-0.1172119348,-0.11676976160000001,-0.7741687822,-0.0002807318177,-0.013888697480000002
-0.1787948366,11.541669370214002,-0.17965657640000002,-0.005471632651,-5.534635632,-0.005601895623,-0.08157554837,-2.353428363,-0.08164011342000001,-0.1157827003,-1.300966458,-0.1157869537,-0.7907146178000001,-0.7858709052,-0.011743137150000001
-0.006937175012,-0.17965657640000002,10.587458877186576,-0.0008892093457000001,-0.0056336302400000005,-5.512951202,-3.337816477e-06,-0.08178097076,-2.480099884,-0.1167909401,-0.1172232595,-1.3029512840000002,-0.0002895739964,-0.7722739546,-0.009977879416
-5.551456526,-0.005471632651,-0.0008892093457000001,6.1018062283582495,-0.0005430211824,-0.0001142501673,-0.28369428620000003,-0.000563623752,-4.296576299e-07,-0.2257516521,-0.015249077080000001,-0.01522042962,-0.000986986977,-3.562159722e-05,-0.0018294820280000002
-0.005501935448,-5.534635632,-0.0056336302400000005,-0.0005430211824,6.0909131289039,-0.0005604509008,-0.0005655905339,-0.2834070235,-0.000564517233,-0.01522309846,-0.22555028470000002,-0.01522564358,-0.0009664162030000001,-0.0009679047728,-0.0015679801500000001
-0.000890170313,-0.005601895623,-5.512951202,-0.0001142501673,-0.0005604509008,6.062773822419529,-4.3005216809999996e-07,-0.0005637450257,-0.28353889590000003,-0.01522164199,-0.01522615715,-0.22576595200000002,-3.680220986e-05,-0.0009936422367000002,-0.0013085868509999999
-2.480016405,-0.08157554837,-3.337816477e-06,-0.28369428620000003,-0.0005655905339,-4.3005216809999996e-07,7.21831565593596,-0.8120507749,-4.9550990199999996e-05,-1.479086764,-0.7508350908000001,-0.7364634845,-0.04751465419,-1.2868321539999998e-07,-0.5464596099000001
-0.08167846431,-2.353428363,-0.08178097076,-0.000563623752,-0.2834070235,-0.0005637450257,-0.8120507749,8.0399530698977,-0.8109154501000001,-0.7535411205,-1.463341894,-0.7576805321000001,-0.047270862180000005,-0.047244830970000005,-0.5464854148
-3.3379240480000003e-06,-0.08164011342000001,-2.480099884,-4.296576299e-07,-0.000564517233,-0.28353889590000003,-4.9550990199999996e-05,-0.8109154501000001,7.1986802707178335,-0.7379436202,-0.7559660468,-1.453937792,-1.329829543e-07,-0.04756912081,-0.5464513787
-1.302958278,-0.1157827003,-0.1167909401,-0.2257516521,-0.01522309846,-0.01522164199,-1.479086764,-0.7535411205,-0.7379436202,5.132896834019,-0.013400978780000001,-0.011531323179999999,-0.003360108771,-0.002977274038,-0.3393273336
-0.1172119348,-1.300966458,-0.1172232595,-0.015249077080000001,-0.22555028470000002,-0.01522615715,-0.7508350908000001,-1.463341894,-0.7559660468,-0.013400978780000001,5.134406097334,-0.01340215092,-0.0033557040700000003,-0.003346103634,-0.3393309571
-0.11676976160000001,-0.1157869537,-1.3029512840000002,-0.01522042962,-0.01522564358,-0.22576595200000002,-0.7364634845,-0.7576805321000001,-1.453937792,-0.011531323179999999,-0.01340215092,5.110407860071,-0.002991063172,-0.003355851999,-0.33932563769999996
-0.7741687822,-0.7907146178000001,-0.0002895739964,-0.000986986977,-0.0009664162030000001,-3.680220986e-05,-0.04751465419,-0.047270862180000005,-1.329829543e-07,-0.003360108771,-0.0033557040700000003,-0.002991063172,1.6720017289258045,-1.289390169e-05,-0.0003331302719
-0.0002807318177,-0.7858709052,-0.7722739546,-3.562159722e-05,-0.0009679047728,-0.0009936422367000002,-1.2868321539999998e-07,-0.047244830970000005,-0.04756912081,-0.002977274038,-0.003346103634,-0.003355851999,-1.289390169e-05,1.6652022594735254,-0.00027329521320000003
-0.013888697480000002,-0.011743137150000001,-0.009977879416,-0.0018294820280000002,-0.0015679801500000001,-0.0013085868509999999,-0.5464596099000001,-0.5464854148,-0.5464513787,-0.3393273336,-0.3393309571,-0.33932563769999996,-0.0003331302719,-0.00027329521320000003,2.6983025203601003
