  5.046921575E-14  1.849600710E-13  4.795301310E-14  1.765726827E-14  7.031540417E-15  3.234785199E-15  1.746100446E-15  7.800856353E-16 
  1.849600710E-13  8.950797382E-14  1.883904720E-13  5.126477526E-14  1.868925158E-14  8.093366195E-15  4.111491749E-15  1.775263780E-15 
  4.795301310E-14  1.883904720E-13  8.941931962E-14  1.787340736E-13  4.547579336E-14  1.735078566E-14  7.940114846E-15  3.226799700E-15 
  1.765726827E-14  5.126477526E-14  1.787340736E-13  9.091746784E-14  1.770950252E-13  4.717255854E-14  1.895921506E-14  7.245568766E-15 
  7.031540417E-15  1.868925158E-14  4.547579336E-14  1.770950252E-13  8.929015968E-14  1.778623908E-13  5.000461685E-14  1.751828917E-14 
  3.234785199E-15  8.093366195E-15  1.735078566E-14  4.717255854E-14  1.778623908E-13  9.037500020E-14  1.892763513E-13  4.900186461E-14 
  1.746100446E-15  4.111491749E-15  7.940114846E-15  1.895921506E-14  5.000461685E-14  1.892763513E-13  8.887144144E-14  1.872353827E-13 
  7.800856353E-16  1.775263780E-15  3.226799700E-15  7.245568766E-15  1.751828917E-14  4.900186461E-14  1.872353827E-13  5.098558668E-14 
