  3.751651208E-16  1.065000695E-13 -5.808044900E-23  1.286574296E-11  6.979481431E-16 -1.428377795E-23  2.479090722E-12  5.831927423E-14  2.838011152E-23  1.505143387E-12  1.758218338E-13  1.506579251E-12  1.288057173E-16  3.735538400E-14  4.026947907E-13  7.231514945E-13 
  1.065000695E-13  1.666020326E-17  1.109537662E-13  6.448911936E-16  1.218690614E-11  6.925965201E-16  5.728285563E-14  3.040772526E-12  5.758912652E-14  1.743084766E-13  1.684550840E-12  1.745999969E-13  3.634361904E-13  7.398551834E-14  4.910642704E-13  1.549099999E-12 
 -5.808044900E-23  1.109537662E-13  3.857157082E-16  2.599431374E-22  6.735802620E-16  1.242639763E-11 -3.035795472E-24  5.794809459E-14  2.479920264E-12  1.505885687E-12  1.756983863E-13  1.505620754E-12  1.276719995E-16  3.697020578E-14  4.029714657E-13  7.058450003E-13 
  1.286574296E-11  6.448911936E-16  2.599431374E-22  6.745819851E-18  5.388418205E-18  4.689160035E-23  2.844766811E-13  5.606777266E-16  1.127637963E-21  2.288453666E-13  2.348850413E-14  2.276259656E-13  1.048222727E-18  4.916323133E-16  5.389110387E-14  6.054908982E-16 
  6.979481431E-16  1.218690614E-11  6.735802620E-16  5.388418205E-18  2.197513886E-18  5.491122864E-18  5.882775693E-16  3.886463582E-13  5.691400484E-16  2.387857438E-14  2.569639736E-13  2.354218899E-14  5.594460318E-14  1.002421057E-15  6.825795099E-14  1.145835735E-15 
 -1.428377795E-23  6.925965201E-16  1.242639763E-11  4.689160035E-23  5.491122864E-18  6.623748017E-18  4.728214444E-23  5.872316250E-16  2.842267686E-13  2.283761190E-13  2.362792849E-14  2.283745625E-13  1.060758934E-18  5.064246161E-16  5.376974138E-14  6.090271574E-16 
  2.479090722E-12  5.728285563E-14 -3.035795472E-24  2.844766811E-13  5.882775693E-16  4.728214444E-23  5.397941902E-13  1.534692675E-13  1.433582073E-18  2.939985381E-13  1.920159457E-13  2.953845216E-13  1.046141696E-15  6.297471888E-13  3.638895897E-12  3.719594920E-14 
  5.831927423E-14  3.040772526E-12  5.794809459E-14  5.606777266E-16  3.886463582E-13  5.872316250E-16  1.534692675E-13  6.829485632E-13  1.553220690E-13  1.907235134E-13  3.803165762E-13  2.067806008E-13  1.615745469E-13  1.262084956E-12  4.565242084E-12  7.244722294E-14 
  2.838011152E-23  5.758912652E-14  2.479920264E-12  1.127637963E-21  5.691400484E-16  2.842267686E-13  1.433582073E-18  1.553220690E-13  5.397787372E-13  2.957943655E-13  1.955840089E-13  2.936304829E-13  1.044143254E-15  6.193935190E-13  3.381510566E-12  3.638069962E-14 
  1.505143387E-12  1.743084766E-13  1.505885687E-12  2.288453666E-13  2.387857438E-14  2.283761190E-13  2.939985381E-13  1.907235134E-13  2.957943655E-13  6.931246120E-13  8.994164671E-15  8.804736555E-16  2.549618600E-15  8.908983512E-15  3.679256271E-12  6.584020716E-15 
  1.758218338E-13  1.684550840E-12  1.756983863E-13  2.348850413E-14  2.569639736E-13  2.362792849E-14  1.920159457E-13  3.803165762E-13  1.955840089E-13  8.994164671E-15  4.428723683E-13  8.879230408E-15  5.632540117E-16  9.361939274E-15  4.015829266E-12  6.805531668E-15 
  1.506579251E-12  1.745999969E-13  1.505620754E-12  2.276259656E-13  2.354218899E-14  2.283745625E-13  2.953845216E-13  2.067806008E-13  2.936304829E-13  8.804736555E-16  8.879230408E-15  6.931023155E-13  2.585609529E-15  8.884739105E-15  3.356151354E-12  6.595034440E-15 
  1.288057173E-16  3.634361904E-13  1.276719995E-16  1.048222727E-18  5.594460318E-14  1.060758934E-18  1.046141696E-15  1.615745469E-13  1.044143254E-15  2.549618600E-15  5.632540117E-16  2.585609529E-15  7.923573475E-14  7.782882387E-16  5.529807636E-13  2.201977742E-16 
  3.735538400E-14  7.398551834E-14  3.697020578E-14  4.916323133E-16  1.002421057E-15  5.064246161E-16  6.297471888E-13  1.262084956E-12  6.193935190E-13  8.908983512E-15  9.361939274E-15  8.884739105E-15  7.782882387E-16  3.371717384E-14  7.606619420E-14  2.837263773E-14 
  4.026947907E-13  4.910642704E-13  4.029714657E-13  5.389110387E-14  6.825795099E-14  5.376974138E-14  3.638895897E-12  4.565242084E-12  3.381510566E-12  3.679256271E-12  4.015829266E-12  3.356151354E-12  5.529807636E-13  7.606619420E-14  2.806631712E-13  1.438482481E-14 
  7.231514945E-13  1.549099999E-12  7.058450003E-13  6.054908982E-16  1.145835735E-15  6.090271574E-16  3.719594920E-14  7.244722294E-14  3.638069962E-14  6.584020716E-15  6.805531668E-15  6.595034440E-15  2.201977742E-16  2.837263773E-14  1.438482481E-14  8.722401326E-19 
