19.86160108566722,-0.1065000695,5.8080448999999996e-11,-12.86574296,-0.0006979481431,1.428377795e-11,-2.479090722,-0.058319274229999996,-2.838011152e-11,-1.505143387,-0.1758218338,-1.506579251,-0.0001288057173,-0.037355384000000005,-0.4026947907,-0.7231514945,-0.0003751651208
-0.1065000695,20.07240392340696,-0.1109537662,-0.0006448911935999999,-12.18690614,-0.0006925965201,-0.057282855630000004,-3.040772526,-0.05758912652,-0.17430847659999998,-1.68455084,-0.1745999969,-0.3634361904,-0.07398551834,-0.4910642704,-1.549099999,-1.666020326e-05
5.8080448999999996e-11,-0.1109537662,19.409398222038526,-2.599431374e-10,-0.000673580262,-12.42639763,3.0357954720000004e-12,-0.05794809459,-2.479920264,-1.505885687,-0.17569838629999998,-1.505620754,-0.0001276719995,-0.036970205779999994,-0.4029714657,-0.7058450003,-0.0003857157082
-12.86574296,-0.0006448911935999999,-2.599431374e-10,13.68638645732696,-5.388418205000001e-06,-4.689160035e-11,-0.2844766811,-0.0005606777266,-1.1276379629999999e-09,-0.22884536660000002,-0.02348850413,-0.2276259656,-1.048222727e-06,-0.0004916323133,-0.053891103870000005,-0.0006054908982,-6.745819851e-06
-0.0006979481431,-12.18690614,-0.000673580262,-5.388418205000001e-06,13.008830069209758,-5.491122864e-06,-0.0005882775693,-0.38864635820000004,-0.0005691400484,-0.02387857438,-0.2569639736,-0.02354218899,-0.055944603180000003,-0.001002421057,-0.06825795099,-0.001145835735,-2.1975138860000003e-06
1.428377795e-11,-0.0006925965201,-12.42639763,-4.689160035e-11,-5.491122864e-06,13.247181205598308,-4.728214444e-11,-0.000587231625,-0.2842267686,-0.22837611900000002,-0.02362792849,-0.22837456250000002,-1.0607589340000002e-06,-0.0005064246161,-0.05376974138,-0.0006090271574,-6.623748017000001e-06
-2.479090722,-0.057282855630000004,3.0357954720000004e-12,-0.2844766811,-0.0005882775693,-4.728214444e-11,8.602987609721618,-0.1534692675,-1.433582073e-06,-0.2939985381,-0.1920159457,-0.2953845216,-0.001046141696,-0.6297471888,-3.638895897,-0.0371959492,-0.5397941902
-0.058319274229999996,-3.040772526,-0.05794809459,-0.0005606777266,-0.38864635820000004,-0.000587231625,-0.1534692675,11.377743562311597,-0.15532206899999998,-0.19072351340000002,-0.3803165762,-0.2067806008,-0.1615745469,-1.262084956,-4.565242083999999,-0.07244722294,-0.6829485632
-2.838011152e-11,-0.05758912652,-2.479920264,-1.1276379629999999e-09,-0.0005691400484,-0.2842267686,-1.433582073e-06,-0.15532206899999998,8.34074532528049,-0.2957943655,-0.1955840089,-0.2936304829,-0.001044143254,-0.619393519,-3.381510566,-0.036380699620000005,-0.5397787372
-1.505143387,-0.17430847659999998,-1.505885687,-0.22884536660000002,-0.02387857438,-0.22837611900000002,-0.2939985381,-0.19072351340000002,-0.2957943655,8.8472521717345,-0.008994164671000001,-0.0008804736555,-0.0025496186000000002,-0.008908983512,-3.6792562710000003,-0.006584020716,-0.6931246120000001
-0.1758218338,-1.68455084,-0.17569838629999998,-0.02348850413,-0.2569639736,-0.02362792849,-0.1920159457,-0.3803165762,-0.1955840089,-0.008994164671000001,7.6013737514527,-0.008879230408,-0.0005632540117,-0.009361939274,-4.015829266,-0.006805531668,-0.4428723683
-1.506579251,-0.1745999969,-1.505620754,-0.2276259656,-0.02354218899,-0.22837456250000002,-0.2953845216,-0.2067806008,-0.2936304829,-0.0008804736555,-0.008879230408,8.5392170809275,-0.002585609529,-0.008884739105000001,-3.356151354,-0.0065950344400000005,-0.6931023155
-0.0001288057173,-0.3634361904,-0.0001276719995,-1.048222727e-06,-0.055944603180000003,-1.0607589340000002e-06,-0.001046141696,-0.1615745469,-0.001044143254,-0.0025496186000000002,-0.0005632540117,-0.002585609529,1.2222176786320609,-0.0007782882387,-0.5529807636,-0.0002201977742,-0.07923573475
-0.037355384000000005,-0.07398551834,-0.036970205779999994,-0.0004916323133,-0.001002421057,-0.0005064246161,-0.6297471888,-1.262084956,-0.619393519,-0.008908983512,-0.009361939274,-0.008884739105000001,-0.0007782882387,2.8276272058061003,-0.07606619419999999,-0.02837263773,-0.033717173839999996
-0.4026947907,-0.4910642704,-0.4029714657,-0.053891103870000005,-0.06825795099,-0.05376974138,-3.638895897,-4.565242083999999,-3.381510566,-3.6792562710000003,-4.015829266,-3.356151354,-0.5529807636,-0.07606619419999999,25.033629714850004,-0.014384824809999999,-0.2806631712
-0.7231514945,-1.549099999,-0.7058450003,-0.0006054908982,-0.001145835735,-0.0006090271574,-0.0371959492,-0.07244722294,-0.036380699620000005,-0.006584020716,-0.006805531668,-0.0065950344400000005,-0.0002201977742,-0.02837263773,-0.014384824809999999,3.1894438387289332,-8.722401325999999e-07
-0.0003751651208,-1.666020326e-05,-0.0003857157082,-6.745819851e-06,-2.1975138860000003e-06,-6.623748017000001e-06,-0.5397941902,-0.6829485632,-0.5397787372,-0.6931246120000001,-0.4428723683,-0.6931023155,-0.07923573475,-0.033717173839999996,-0.2806631712,-8.722401325999999e-07,3.9860308465441463
