  1.274915445E-14  1.333238542E-13  3.822976517E-15  8.910781273E-12  1.022504212E-14  8.921485772E-16  2.357335185E-12  4.621880756E-14  1.361597511E-18  8.149636134E-13  1.279087992E-13  1.270157959E-13  2.886836966E-14  5.658301278E-21  5.448202269E-13  1.539227791E-16 
  1.333238542E-13  9.805998108E-15  1.346639616E-13  1.019444968E-14  8.782245041E-12  1.045497965E-14  4.612540956E-14  2.255958557E-12  4.616183113E-14  1.261635244E-13  8.069899711E-13  1.261899210E-13  2.880422674E-14  2.878724767E-14  5.579800646E-13  5.400878900E-13 
  3.822976517E-15  1.346639616E-13  7.777304193E-15  8.898775066E-16  1.053587625E-14  8.844349218E-12  1.398604950E-18  4.616039958E-14  2.357577286E-12  1.270474699E-13  1.278894555E-13  8.150298061E-13  5.697257245E-21  2.886275146E-14  1.618230696E-16  5.474332179E-13 
  8.910781273E-12  1.019444968E-14  8.898775066E-16  2.989330626E-15  1.566693639E-15  2.076613825E-16  5.272380919E-13  2.510609948E-15  3.168958967E-19  2.390359763E-13  2.981868952E-14  2.976696576E-14  2.089919230E-15  1.258995755E-21  4.111886728E-15  3.566890740E-17 
  1.022504212E-14  8.782245041E-12  1.053587625E-14  1.566693639E-15  2.348559700E-15  1.631920439E-15  2.506847312E-15  5.147475509E-13  2.546254543E-15  2.975121048E-14  2.468399682E-13  2.975714500E-14  2.079348524E-15  2.109581166E-15  4.027686391E-15  4.128009929E-15 
  8.921485772E-16  1.045497965E-14  8.844349218E-12  2.076613825E-16  1.631920439E-15  1.796323758E-15  3.269568227E-19  2.509729972E-15  5.272517097E-13  2.975103176E-14  2.979713912E-14  2.390151322E-13  1.277382282E-21  2.088936850E-15  3.760097248E-17  4.082189004E-15 
  2.357335185E-12  4.612540956E-14  1.398604950E-18  5.272380919E-13  2.506847312E-15  3.269568227E-19  4.867577317E-13  1.941029790E-13  4.416361690E-17  1.136964459E-12  1.015178621E-12  1.001238094E-12  5.520908691E-13  7.648516842E-18  3.037429019E-14  5.444598595E-20 
  4.621880756E-14  2.255958557E-12  4.616039958E-14  2.510609948E-15  5.147475509E-13  2.509729972E-15  1.941029790E-13  4.806968049E-13  1.945049549E-13  1.022409162E-12  1.290066904E-12  1.015405038E-12  5.597562580E-13  5.524443826E-13  3.010660851E-14  3.027647286E-14 
  1.361597511E-18  4.616183113E-14  2.357577286E-12  3.168958967E-19  2.546254543E-15  5.272517097E-13  4.416361690E-17  1.945049549E-13  4.867576273E-13  9.944607012E-13  1.016974829E-12  1.131702934E-12  7.634171975E-18  5.505011353E-13  5.607077335E-20  3.021738499E-14 
  8.149636134E-13  1.261635244E-13  1.270474699E-13  2.390359763E-13  2.975121048E-14  2.975103176E-14  1.136964459E-12  1.022409162E-12  9.944607012E-13  2.254707162E-13  8.750380514E-15  2.061528268E-16  1.991748652E-14  1.670541316E-14  3.749734002E-15  2.982112483E-15 
  1.279087992E-13  8.069899711E-13  1.278894555E-13  2.981868952E-14  2.468399682E-13  2.979713912E-14  1.015178621E-12  1.290066904E-12  1.016974829E-12  8.750380514E-15  2.259977598E-13  8.746946391E-15  1.981928660E-14  1.996338649E-14  3.735988971E-15  3.735905572E-15 
  1.270157959E-13  1.261899210E-13  8.150298061E-13  2.976696576E-14  2.975714500E-14  2.390151322E-13  1.001238094E-12  1.015405038E-12  1.131702934E-12  2.061528268E-16  8.746946391E-15  2.254777677E-13  1.659085304E-14  1.945210125E-14  2.983518125E-15  3.738990975E-15 
  2.886836966E-14  2.880422674E-14  5.697257245E-21  2.089919230E-15  2.079348524E-15  1.277382282E-21  5.520908691E-13  5.597562580E-13  7.634171975E-18  1.991748652E-14  1.981928660E-14  1.659085304E-14  1.202658671E-14  1.297309606E-18  1.142569495E-14  3.274396717E-22 
  5.658301278E-21  2.878724767E-14  2.886275146E-14  1.258995755E-21  2.109581166E-15  2.088936850E-15  7.648516842E-18  5.524443826E-13  5.505011353E-13  1.670541316E-14  1.996338649E-14  1.945210125E-14  1.297309606E-18  1.202817878E-14  3.420461443E-22  1.142878070E-14 
  5.448202269E-13  5.579800646E-13  1.618230696E-16  4.111886728E-15  4.027686391E-15  3.760097248E-17  3.037429019E-14  3.010660851E-14  5.607077335E-20  3.749734002E-15  3.735988971E-15  2.983518125E-15  1.142569495E-14  3.420461443E-22  2.694009529E-16  7.001062185E-18 
  1.539227791E-16  5.400878900E-13  5.474332179E-13  3.566890740E-17  4.128009929E-15  4.082189004E-15  5.444598595E-20  3.027647286E-14  3.021738499E-14  2.982112483E-15  3.735905572E-15  3.738990975E-15  3.274396717E-22  1.142878070E-14  7.001062185E-18  1.994510193E-16 
