18.179851676119807,-0.18361679239999998,-0.001481114518,-11.39101578,-0.0066034082939999995,-0.0002576840708,-3.16481405,-0.06342569026,-2.8207051289999997e-07,-1.2184472910000002,-0.1775967754,-1.218440133,-9.738964956999999e-07,-0.039785633570000006,-0.6910123428,-0.023353724840000003
-0.18361679239999998,17.609515198354,-0.18537485210000001,-0.0073857639899999996,-9.857073678,-0.007902009304,-0.06341160586,-4.077250829,-0.063446285,-0.1760431845,-1.260987954,-0.1760409229,-0.08788627191000001,-0.0794718212,-1.371571901,-0.01205132719
-0.001481114518,-0.18537485210000001,18.15139679150428,-0.00025241337769999996,-0.0068870674969999995,-11.38180345,-2.437648206e-07,-0.06352251364,-3.164752183,-1.218471999,-0.1776461339,-1.218497504,-9.860507617e-07,-0.03980954809,-0.6866467892,-0.006249993366
-11.39101578,-0.0073857639899999996,-0.00025241337769999996,12.506936044415426,-0.0008561481576,-4.393116708e-05,-0.4164814279,-0.0006714999696,-4.80428144e-08,-0.33112111790000004,-0.0216484418,-0.3311207401,-1.4070833319999999e-08,-0.0005737488417999999,-0.001420946105,-0.004344022993
-0.0066034082939999995,-9.857073678,-0.0068870674969999995,-0.0008561481576,10.8291768432604,-0.0009248126206,-0.0006196863434,-0.5529034857,-0.0006205450438,-0.0216201234,-0.3382505055,-0.02161896629,-0.01561723765,-0.0010549779750000001,-0.00261279665,-0.0019134041390000002
-0.0002576840708,-0.007902009304,-11.38180345,-4.393116708e-05,-0.0009248126206,12.49499785180829,-4.243845094e-08,-0.0006708939925,-0.4164711495,-0.3311030896,-0.02163765007,-0.3310524701,-1.4705158590000001e-08,-0.0005706484667,-0.001463910764,-0.001096095009
-3.16481405,-0.06341160586,-2.437648206e-07,-0.4164814279,-0.0006196863434,-4.243845094e-08,8.708202593053416,-0.18090563640000001,-1.981561145e-06,-1.2450395300000001,-1.037394738,-1.23673021,-0.0001493506156,-0.6267023800000001,-0.04002142927,-0.6959302809
-0.06342569026,-4.077250829,-0.06352251364,-0.0006714999696,-0.5529034857,-0.0006708939925,-0.18090563640000001,11.5331548243921,-0.1809225785,-1.051594564,-1.4656220150000001,-1.217560224,-0.41130844800000005,-1.2732636000000002,-0.08040918123,-0.9131236647000001
-2.8207051289999997e-07,-0.063446285,-3.164752183,-4.80428144e-08,-0.0006205450438,-0.4164711495,-1.981561145e-06,-0.1809225785,8.717664230709573,-1.243064079,-1.035170984,-1.251412338,-0.00014944673129999999,-0.6256023809,-0.04013641216,-0.6959135372
-1.2184472910000002,-0.1760431845,-1.218471999,-0.33112111790000004,-0.0216201234,-0.3311030896,-1.2450395300000001,-1.051594564,-1.243064079,7.500111864290799,-0.003700997899,-0.0003017548051,-0.00041501494270000005,-0.029734620460000003,-0.006172055084000001,-0.6232824427
-0.1775967754,-1.260987954,-0.1776461339,-0.0216484418,-0.3382505055,-0.02163765007,-1.037394738,-1.4656220150000001,-1.035170984,-0.003700997899,5.958669553489131,-0.00368833308,-8.641658213e-05,-0.0308519527,-0.006212339858,-0.37817431570000004
-1.218440133,-0.1760409229,-1.218497504,-0.3311207401,-0.02161896629,-0.3310524701,-1.23673021,-1.217560224,-1.251412338,-0.0003017548051,-0.00368833308,7.666997523401201,-0.0004139723991,-0.030638812560000003,-0.0061976382669999995,-0.6232835039000001
-9.738964956999999e-07,-0.08788627191000001,-9.860507617e-07,-1.4070833319999999e-08,-0.01561723765,-1.4705158590000001e-08,-0.0001493506156,-0.41130844800000005,-0.00014944673129999999,-0.00041501494270000005,-8.641658213e-05,-0.0004139723991,0.5356279724185833,-6.695476917e-05,-1.7375253340000003e-06,-0.019531132569999998
-0.039785633570000006,-0.0794718212,-0.03980954809,-0.0005737488417999999,-0.0010549779750000001,-0.0005706484667,-0.6267023800000001,-1.2732636000000002,-0.6256023809,-0.029734620460000003,-0.0308519527,-0.030638812560000003,-6.695476917e-05,2.84403634759267,-0.0298459223,-0.03606334576
-0.6910123428,-1.371571901,-0.6866467892,-0.001420946105,-0.00261279665,-0.001463910764,-0.04002142927,-0.08040918123,-0.04013641216,-0.006172055084000001,-0.006212339858,-0.0061976382669999995,-1.7375253340000003e-06,-0.0298459223,2.964168685635233,-0.0004432834219
-0.023353724840000003,-0.01205132719,-0.006249993366,-0.004344022993,-0.0019134041390000002,-0.001096095009,-0.6959302809,-0.9131236647000001,-0.6959135372,-0.6232824427,-0.37817431570000004,-0.6232835039000001,-0.019531132569999998,-0.03606334576,-0.0004432834219,4.0347540743889
