  2.335372484E-14  1.836167924E-13  1.481114518E-15  1.139101578E-11  6.603408294E-15  2.576840708E-16  3.164814050E-12  6.342569026E-14  2.820705129E-19  1.218447291E-12  1.775967754E-13  1.218440133E-12  9.738964957E-19  3.978563357E-14  6.910123428E-13 
  1.836167924E-13  1.205132719E-14  1.853748521E-13  7.385763990E-15  9.857073678E-12  7.902009304E-15  6.341160586E-14  4.077250829E-12  6.344628500E-14  1.760431845E-13  1.260987954E-12  1.760409229E-13  8.788627191E-14  7.947182120E-14  1.371571901E-12 
  1.481114518E-15  1.853748521E-13  6.249993366E-15  2.524133777E-16  6.887067497E-15  1.138180345E-11  2.437648206E-19  6.352251364E-14  3.164752183E-12  1.218471999E-12  1.776461339E-13  1.218497504E-12  9.860507617E-19  3.980954809E-14  6.866467892E-13 
  1.139101578E-11  7.385763990E-15  2.524133777E-16  4.344022993E-15  8.561481576E-16  4.393116708E-17  4.164814279E-13  6.714999696E-16  4.804281440E-20  3.311211179E-13  2.164844180E-14  3.311207401E-13  1.407083332E-20  5.737488418E-16  1.420946105E-15 
  6.603408294E-15  9.857073678E-12  6.887067497E-15  8.561481576E-16  1.913404139E-15  9.248126206E-16  6.196863434E-16  5.529034857E-13  6.205450438E-16  2.162012340E-14  3.382505055E-13  2.161896629E-14  1.561723765E-14  1.054977975E-15  2.612796650E-15 
  2.576840708E-16  7.902009304E-15  1.138180345E-11  4.393116708E-17  9.248126206E-16  1.096095009E-15  4.243845094E-20  6.708939925E-16  4.164711495E-13  3.311030896E-13  2.163765007E-14  3.310524701E-13  1.470515859E-20  5.706484667E-16  1.463910764E-15 
  3.164814050E-12  6.341160586E-14  2.437648206E-19  4.164814279E-13  6.196863434E-16  4.243845094E-20  6.959302809E-13  1.809056364E-13  1.981561145E-18  1.245039530E-12  1.037394738E-12  1.236730210E-12  1.493506156E-16  6.267023800E-13  4.002142927E-14 
  6.342569026E-14  4.077250829E-12  6.352251364E-14  6.714999696E-16  5.529034857E-13  6.708939925E-16  1.809056364E-13  9.131236647E-13  1.809225785E-13  1.051594564E-12  1.465622015E-12  1.217560224E-12  4.113084480E-13  1.273263600E-12  8.040918123E-14 
  2.820705129E-19  6.344628500E-14  3.164752183E-12  4.804281440E-20  6.205450438E-16  4.164711495E-13  1.981561145E-18  1.809225785E-13  6.959135372E-13  1.243064079E-12  1.035170984E-12  1.251412338E-12  1.494467313E-16  6.256023809E-13  4.013641216E-14 
  1.218447291E-12  1.760431845E-13  1.218471999E-12  3.311211179E-13  2.162012340E-14  3.311030896E-13  1.245039530E-12  1.051594564E-12  1.243064079E-12  6.232824427E-13  3.700997899E-15  3.017548051E-16  4.150149427E-16  2.973462046E-14  6.172055084E-15 
  1.775967754E-13  1.260987954E-12  1.776461339E-13  2.164844180E-14  3.382505055E-13  2.163765007E-14  1.037394738E-12  1.465622015E-12  1.035170984E-12  3.700997899E-15  3.781743157E-13  3.688333080E-15  8.641658213E-17  3.085195270E-14  6.212339858E-15 
  1.218440133E-12  1.760409229E-13  1.218497504E-12  3.311207401E-13  2.161896629E-14  3.310524701E-13  1.236730210E-12  1.217560224E-12  1.251412338E-12  3.017548051E-16  3.688333080E-15  6.232835039E-13  4.139723991E-16  3.063881256E-14  6.197638267E-15 
  9.738964957E-19  8.788627191E-14  9.860507617E-19  1.407083332E-20  1.561723765E-14  1.470515859E-20  1.493506156E-16  4.113084480E-13  1.494467313E-16  4.150149427E-16  8.641658213E-17  4.139723991E-16  1.953113257E-14  6.695476917E-17  1.737525334E-18 
  3.978563357E-14  7.947182120E-14  3.980954809E-14  5.737488418E-16  1.054977975E-15  5.706484667E-16  6.267023800E-13  1.273263600E-12  6.256023809E-13  2.973462046E-14  3.085195270E-14  3.063881256E-14  6.695476917E-17  3.606334576E-14  2.984592230E-14 
  6.910123428E-13  1.371571901E-12  6.866467892E-13  1.420946105E-15  2.612796650E-15  1.463910764E-15  4.002142927E-14  8.040918123E-14  4.013641216E-14  6.172055084E-15  6.212339858E-15  6.197638267E-15  1.737525334E-18  2.984592230E-14  4.432834219E-16 
