  2.582603556E-14  3.207627961E-13  6.457571767E-14  2.798241827E-14  1.512763192E-14  9.294196912E-15  6.586514383E-15  3.463776357E-15 
  3.207627961E-13  4.269005092E-14  3.190746594E-13  6.767093667E-14  3.162894747E-14  1.829739522E-14  1.260927002E-14  6.564088975E-15 
  6.457571767E-14  3.190746594E-13  4.279978685E-14  3.037308067E-13  6.245576402E-14  2.917899112E-14  1.840556988E-14  9.301949304E-15 
  2.798241827E-14  6.767093667E-14  3.037308067E-13  4.277926104E-14  2.952119854E-13  6.281002332E-14  3.198846156E-14  1.515491251E-14 
  1.512763192E-14  3.162894747E-14  6.245576402E-14  2.952119854E-13  4.271731022E-14  2.946353770E-13  6.980311459E-14  2.808671833E-14 
  9.294196912E-15  1.829739522E-14  2.917899112E-14  6.281002332E-14  2.946353770E-13  4.278101048E-14  3.040722115E-13  6.528969884E-14 
  6.586514383E-15  1.260927002E-14  1.840556988E-14  3.198846156E-14  6.980311459E-14  3.040722115E-13  4.267434112E-14  3.069907435E-13 
  3.463776357E-15  6.564088975E-15  9.301949304E-15  1.515491251E-14  2.808671833E-14  6.528969884E-14  3.069907435E-13  2.583375890E-14 
