17.58899069344854,-0.18936975949999998,-0.0077289416879999994,-10.698273,-0.007942156821,-0.0011984012700000002,-3.41560712,-0.06099219754000001,-2.9872295410000003e-06,-1.163243598,-0.1881045858,-1.163262328,-0.03922953356,-0.6411216233,-0.012914460740000001
-0.18936975949999998,17.539325936279,-0.1909373732,-0.008566202061999999,-9.82375314,-0.008640434917000001,-0.058963786600000005,-4.315333161,-0.05906058772000001,-0.1884898551,-1.157126088,-0.1885090087,-0.07860025489,-1.260441116,-0.01153516859
-0.0077289416879999994,-0.1909373732,17.616177064275806,-0.0011975069729999999,-0.008029971747,-10.728469830000002,-2.945157805e-06,-0.061044569709999996,-3.415504231,-1.163241218,-0.18812293589999998,-1.163245706,-0.03921653908,-0.6385228505,-0.01091244532
-10.698273,-0.008566202061999999,-0.0011975069729999999,11.666362911860006,-0.0008393909979,-0.00018580624359999998,-0.356429996,-0.001295197731,-4.649395096e-07,-0.29055242890000005,-0.013108499820000001,-0.2905064209,-0.001093495547,-0.0023271225860000003,-0.0019873791600000003
-0.007942156821,-9.82375314,-0.008029971747,-0.0008393909979,10.7383154745627,-0.0008519360988,-0.001197307981,-0.5692309225,-0.0012025109969999999,-0.0131498069,-0.2909393866,-0.01313523836,-0.002084347797,-0.004259780807,-0.001699576956
-0.0011984012700000002,-0.008640434917000001,-10.728469830000002,-0.00018580624359999998,-0.0008519360988,11.696315078130333,-4.586909301e-07,-0.001287402625,-0.35636110979999996,-0.2905704346,-0.013117974300000002,-0.29056665350000005,-0.0010868689770000002,-0.0023120353740000003,-0.001665731734
-3.41560712,-0.058963786600000005,-2.945157805e-06,-0.356429996,-0.001197307981,-4.586909301e-07,9.59510414710169,-0.1606359383,-1.520921953e-06,-1.521697102,-1.115796169,-1.5215620380000001,-0.6758299687,-0.03678179965,-0.7305979961
-0.06099219754000001,-4.315333161,-0.061044569709999996,-0.001295197731,-0.5692309225,-0.001287402625,-0.1606359383,11.519733179185998,-0.1615757367,-1.140532396,-1.520612743,-1.162877507,-1.327244204,-0.07725988538,-0.9598113176999999
-2.9872295410000003e-06,-0.05906058772000001,-3.415504231,-4.649395096e-07,-0.0012025109969999999,-0.35636110979999996,-1.520921953e-06,-0.1615757367,9.589480551698003,-1.5212249180000001,-1.118023368,-1.522830044,-0.6664271128,-0.036701565990000004,-0.7305643936
-1.163243598,-0.1884898551,-1.163241218,-0.29055242890000005,-0.0131498069,-0.2905704346,-1.521697102,-1.140532396,-1.5212249180000001,7.930212278115799,-0.002477492221,-0.0001052234908,-0.03686259176,-0.009498070744000001,-0.5885671424
-0.1881045858,-1.157126088,-0.18812293589999998,-0.013108499820000001,-0.2909393866,-0.013117974300000002,-1.115796169,-1.520612743,-1.118023368,-0.002477492221,6.007063569167,-0.002481797344,-0.03663660189,-0.009500672992,-0.3510152543
-1.163262328,-0.1885090087,-1.163245706,-0.2905064209,-0.01313523836,-0.29056665350000005,-1.5215620380000001,-1.162877507,-1.522830044,-0.0001052234908,-0.002481797344,7.9536854314898005,-0.03655418891,-0.009481146385,-0.5885681309
-0.03922953356,-0.07860025489,-0.03921653908,-0.001093495547,-0.002084347797,-0.0010868689770000002,-0.6758299687,-1.327244204,-0.6664271128,-0.03686259176,-0.03663660189,-0.03655418891,3.006712446741,-0.02978548945,-0.03606124938
-0.6411216233,-1.260441116,-0.6385228505,-0.0023271225860000003,-0.004259780807,-0.0023120353740000003,-0.03678179965,-0.07725988538,-0.036701565990000004,-0.009498070744000001,-0.009500672992,-0.009481146385,-0.02978548945,2.7583926249286015,-0.0003994657706
-0.012914460740000001,-0.01153516859,-0.01091244532,-0.0019873791600000003,-0.001699576956,-0.001665731734,-0.7305979961,-0.9598113176999999,-0.7305643936,-0.5885671424,-0.3510152543,-0.5885681309,-0.03606124938,-0.0003994657706,4.0262997126506
