  1.980976865E-14  1.817226869E-13  4.210086074E-15  1.068885636E-11  7.605466986E-15  6.404941597E-16  3.416920620E-12  6.035128347E-14  1.160422510E-18  1.163123994E-12  1.882462288E-13  1.163129445E-12  3.934121239E-14  7.027350018E-13 
  1.817226869E-13  1.373672576E-14  1.848585802E-13  8.164839047E-15  1.028446740E-11  8.506574666E-15  5.813951323E-14  4.317473887E-12  5.840495837E-14  1.884458274E-13  1.157268374E-12  1.885008279E-13  7.794827896E-14  1.460010749E-12 
  4.210086074E-15  1.848585802E-13  9.457399272E-15  6.372195420E-16  7.915255747E-15  1.066744348E-11  1.050094726E-18  6.038902527E-14  3.416629204E-12  1.163169793E-12  1.881348040E-13  1.163182476E-12  3.942256287E-14  7.098315633E-13 
  1.068885636E-11  8.164839047E-15  6.372195420E-16  3.089732965E-15  7.849610892E-16  9.699746693E-17  3.560966685E-13  1.289572697E-15  1.756821699E-19  2.907422246E-13  1.300136510E-14  2.906820328E-13  1.093614568E-15  2.319664552E-15 
  7.605466986E-15  1.028446740E-11  7.915255747E-15  7.849610892E-16  2.020711284E-15  8.346048410E-16  1.203924362E-15  5.691879111E-13  1.206338429E-15  1.313020540E-14  2.909644590E-13  1.311190857E-14  2.062892641E-15  4.189773379E-15 
  6.404941597E-16  8.506574666E-15  1.066744348E-11  9.699746693E-17  8.346048410E-16  1.431933815E-15  1.600227899E-19  1.282527121E-15  3.560597469E-13  2.907197971E-13  1.308289031E-14  2.906918180E-13  1.101239053E-15  2.323707501E-15 
  3.416920620E-12  5.813951323E-14  1.050094726E-18  3.560966685E-13  1.203924362E-15  1.600227899E-19  7.306428109E-13  1.622822053E-13  1.535226244E-18  1.476157031E-12  1.040190895E-12  1.496560721E-12  6.374594648E-13  3.712660550E-14 
  6.035128347E-14  4.317473887E-12  6.038902527E-14  1.289572697E-15  5.691879111E-13  1.282527121E-15  1.622822053E-13  9.598133339E-13  1.632867598E-13  1.088273758E-12  1.419416934E-12  1.099792511E-12  1.337002056E-12  7.650546926E-14 
  1.160422510E-18  5.840495837E-14  3.416629204E-12  1.756821699E-19  1.206338429E-15  3.560597469E-13  1.535226244E-18  1.632867598E-13  7.305936016E-13  1.480424519E-12  1.038188136E-12  1.482325195E-12  6.094331649E-13  3.696981235E-14 
  1.163123994E-12  1.884458274E-13  1.163169793E-12  2.907422246E-13  1.313020540E-14  2.907197971E-13  1.476157031E-12  1.088273758E-12  1.480424519E-12  5.885621142E-13  2.484703502E-15  1.048217309E-16  3.684425786E-14  9.457695281E-15 
  1.882462288E-13  1.157268374E-12  1.881348040E-13  1.300136510E-14  2.909644590E-13  1.308289031E-14  1.040190895E-12  1.419416934E-12  1.038188136E-12  2.484703502E-15  3.510245556E-13  2.461275244E-15  3.703225019E-14  9.376015326E-15 
  1.163129445E-12  1.885008279E-13  1.163182476E-12  2.906820328E-13  1.311190857E-14  2.906918180E-13  1.496560721E-12  1.099792511E-12  1.482325195E-12  1.048217309E-16  2.461275244E-15  5.885636988E-13  3.636753000E-14  9.442818042E-15 
  3.934121239E-14  7.794827896E-14  3.942256287E-14  1.093614568E-15  2.062892641E-15  1.101239053E-15  6.374594648E-13  1.337002056E-12  6.094331649E-13  3.684425786E-14  3.703225019E-14  3.636753000E-14  3.606038225E-14  3.012372150E-14 
  7.027350018E-13  1.460010749E-12  7.098315633E-13  2.319664552E-15  4.189773379E-15  2.323707501E-15  3.712660550E-14  7.650546926E-14  3.696981235E-14  9.457695281E-15  9.376015326E-15  9.442818042E-15  3.012372150E-14  4.804392030E-16 
