  3.529978347E-16  9.994733703E-14  3.205876479E-23  1.037932036E-11  3.577791965E-15 -7.121449869E-23  3.542033312E-12  6.017299621E-14 -4.648065064E-25  1.061508856E-12  1.800084049E-13  1.061567497E-12  3.760724332E-14  7.969435109E-13 
  9.994733703E-14  1.102867815E-15  1.014065416E-13  3.456603290E-15  1.028407471E-11  3.262200034E-15  6.077969813E-14  4.413939231E-12  6.080424239E-14  1.781984209E-13  1.084494048E-12  1.782549800E-13  7.506831330E-14  1.550783999E-12 
  3.205876479E-23  1.014065416E-13  3.775639224E-16 -9.740887862E-22  3.506401450E-15  1.037863209E-11 -5.332818698E-22  6.078125429E-14  3.540798411E-12  1.061538832E-12  1.800773473E-13  1.061531473E-12  3.801848367E-14  7.639083756E-13 
  1.037932036E-11  3.456603290E-15 -9.740887862E-22  1.928101034E-17  1.501613772E-16 -1.300903993E-22  4.156802701E-13  3.125242062E-15 -7.508373099E-22  3.005003321E-13  1.913748279E-14  3.004189476E-13  2.518256020E-15  3.181236178E-15 
  3.577791965E-15  1.028407471E-11  3.506401450E-15  1.501613772E-16  2.054319189E-16  1.381287944E-16  3.267039892E-15  5.228765486E-13  3.188130130E-15  1.917342655E-14  3.042878939E-13  1.915469413E-14  5.158847619E-15  6.988950203E-15 
 -7.121449869E-23  3.262200034E-15  1.037863209E-11 -1.300903993E-22  1.381287944E-16  2.144849314E-17 -1.114489648E-22  2.968396375E-15  4.159000365E-13  3.004612656E-13  1.908474558E-14  3.004982803E-13  2.436666554E-15  3.158685631E-15 
  3.542033312E-12  6.077969813E-14 -5.332818698E-22  4.156802701E-13  3.267039892E-15 -1.114489648E-22  7.667762862E-13  1.849599834E-13  2.414637458E-18  1.244856707E-12  1.036274603E-12  1.268051512E-12  6.546275517E-13  3.938295214E-14 
  6.017299621E-14  4.413939231E-12  6.078125429E-14  3.125242062E-15  5.228765486E-13  2.968396375E-15  1.849599834E-13  9.708969215E-13  1.861679976E-13  1.075937742E-12  1.427558176E-12  1.090823903E-12  1.331825801E-12  8.118882432E-14 
 -4.648065064E-25  6.080424239E-14  3.540798411E-12 -7.508373099E-22  3.188130130E-15  4.159000365E-13  2.414637458E-18  1.861679976E-13  7.667430277E-13  1.254060790E-12  1.036076204E-12  1.268403997E-12  6.226298785E-13  4.026467467E-14 
  1.061508856E-12  1.781984209E-13  1.061538832E-12  3.005003321E-13  1.917342655E-14  3.004612656E-13  1.244856707E-12  1.075937742E-12  1.254060790E-12  5.524297577E-13  2.766811704E-15  2.530755498E-16  3.029222963E-14  5.954869261E-15 
  1.800084049E-13  1.084494048E-12  1.800773473E-13  1.913748279E-14  3.042878939E-13  1.908474558E-14  1.036274603E-12  1.427558176E-12  1.036076204E-12  2.766811704E-15  3.383772586E-13  2.754735405E-15  2.930679657E-14  5.995941729E-15 
  1.061567497E-12  1.782549800E-13  1.061531473E-12  3.004189476E-13  1.915469413E-14  3.004982803E-13  1.268051512E-12  1.090823903E-12  1.268403997E-12  2.530755498E-16  2.754735405E-15  5.524285192E-13  2.954108311E-14  5.924390579E-15 
  3.760724332E-14  7.506831330E-14  3.801848367E-14  2.518256020E-15  5.158847619E-15  2.436666554E-15  6.546275517E-13  1.331825801E-12  6.226298785E-13  3.029222963E-14  2.930679657E-14  2.954108311E-14  3.605571697E-14  3.026492426E-14 
  7.969435109E-13  1.550783999E-12  7.639083756E-13  3.181236178E-15  6.988950203E-15  3.158685631E-15  3.938295214E-14  8.118882432E-14  4.026467467E-14  5.954869261E-15  5.995941729E-15  5.924390579E-15  3.026492426E-14  8.454298234E-19 
