17.22304030712008,-0.09994733703,-3.205876479e-11,-10.379320360000001,-0.003577791965,7.121449869e-11,-3.542033312,-0.06017299621,4.648065064e-13,-1.061508856,-0.1800084049,-1.061567497,-0.037607243320000004,-0.7969435109,-0.0003529978347
-0.09994733703,18.095573192489,-0.1014065416,-0.00345660329,-10.28407471,-0.003262200034,-0.06077969813,-4.413939231,-0.060804242390000006,-0.1781984209,-1.084494048,-0.17825498,-0.0750683133,-1.5507839989999999,-0.001102867815
-3.205876479e-11,-0.1014065416,17.190576772357083,9.740887862000002e-10,-0.00350640145,-10.37863209,5.332818698e-10,-0.060781254289999996,-3.540798411,-1.061538832,-0.1800773473,-1.061531473,-0.038018483670000006,-0.7639083756,-0.0003775639224
-10.379320360000001,-0.00345660329,9.740887862000002e-10,11.427508170672525,-0.0001501613772,1.3009039930000002e-10,-0.4156802701,-0.003125242062,7.508373099e-10,-0.3005003321,-0.01913748279,-0.30041894760000004,-0.00251825602,-0.003181236178,-1.9281010340000002e-05
-0.003577791965,-10.28407471,-0.00350640145,-0.0001501613772,11.175748156529501,-0.0001381287944,-0.003267039892,-0.5228765486,-0.00318813013,-0.01917342655,-0.3042878939,-0.01915469413,-0.005158847619,-0.006988950203,-0.0002054319189
7.121449869e-11,-0.003262200034,-10.37863209,1.3009039930000002e-10,-0.0001381287944,11.426561943548787,1.114489648e-10,-0.002968396375,-0.41590003649999996,-0.30046126559999997,-0.01908474558,-0.3004982803,-0.002436666554,-0.003158685631,-2.144849314e-05
-3.542033312,-0.06077969813,5.332818698e-10,-0.4156802701,-0.003267039892,1.114489648e-10,9.216692329554729,-0.1849599834,-2.4146374580000003e-06,-1.2448567069999998,-1.0362746029999998,-1.268051512,-0.6546275517,-0.039382952140000003,-0.7667762862
-0.06017299621,-4.413939231,-0.060781254289999996,-0.003125242062,-0.5228765486,-0.002968396375,-0.1849599834,11.413223017357,-0.18616799760000002,-1.075937742,-1.427558176,-1.090823903,-1.331825801,-0.08118882432,-0.9708969215
4.648065064e-13,-0.060804242390000006,-3.540798411,7.508373099e-10,-0.00318813013,-0.41590003649999996,-2.4146374580000003e-06,-0.18616799760000002,9.195039803376156,-1.25406079,-1.036076204,-1.2684039969999998,-0.6226298785,-0.04026467467,-0.7667430277
-1.061508856,-0.1781984209,-1.061538832,-0.3005003321,-0.01917342655,-0.30046126559999997,-1.2448567069999998,-1.075937742,-1.25406079,7.087933115994799,-0.002766811704,-0.0002530755498,-0.03029222963,-0.005954869261,-0.5524297577
-0.1800084049,-1.084494048,-0.1800773473,-0.01913748279,-0.3042878939,-0.01908474558,-1.0362746029999998,-1.427558176,-1.036076204,-0.002766811704,5.666200449478001,-0.002754735405,-0.029306796569999998,-0.005995941729,-0.3383772586
-1.061567497,-0.17825498,-1.061531473,-0.30041894760000004,-0.01915469413,-0.3004982803,-1.268051512,-1.090823903,-1.2684039969999998,-0.0002530755498,-0.002754735405,7.1396070878738,-0.02954108311,-0.005924390579000001,-0.5524285192
-0.037607243320000004,-0.0750683133,-0.038018483670000006,-0.00251825602,-0.005158847619,-0.002436666554,-0.6546275517,-1.331825801,-0.6226298785,-0.03029222963,-0.029306796569999998,-0.02954108311,2.9253517922229992,-0.030264924260000003,-0.03605571697
-0.7969435109,-1.5507839989999999,-0.7639083756,-0.003181236178,-0.006988950203,-0.003158685631,-0.039382952140000003,-0.08118882432,-0.04026467467,-0.005954869261,-0.005995941729,-0.005924390579000001,-0.030264924260000003,3.3339421799008235,-8.454298234e-07
-0.0003529978347,-0.001102867815,-0.0003775639224,-1.9281010340000002e-05,-0.0002054319189,-2.144849314e-05,-0.7667762862,-0.9708969215,-0.7667430277,-0.5524297577,-0.3383772586,-0.5524285192,-0.03605571697,-8.454298234e-07,3.985787924294304
