14.140425282762299,-0.16264132650000002,-0.0042286467889999999,-8.6796277230000012,-0.0066245716979999999,-0.00071069793340000002,-2.6524968370000002,-0.054207390000000001,-1.3868994499999999e-06,-0.89384714990000003,-0.1472037537,-0.89385699460000001,-0.034616399110000001,-7.486648526999999e-09,-0.59403988920000006,-0.00015208919580000002,-0.016170419750000001
-0.16264132650000002,14.39570851639,-0.1639556855,-0.0071014329609999996,-8.140483960000001,-0.0074003181790000001,-0.052849264709999996,-3.3315181780000001,-0.052963577099999999,-0.14678742659999999,-0.88940103500000001,-0.14674406370000001,-0.034557866559999997,-0.034682426520000004,-0.61773851999999996,-0.59490617830000003,-0.011977256760000001
-0.0042286467889999999,-0.1639556855,14.14579304305035,-0.00070786428750000004,-0.0068760800970000006,-8.6605709649999998,-1.298597897e-06,-0.054071592379999998,-2.6527979000000004,-0.89386570570000001,-0.1472285797,-0.89391490559999998,-8.6652537560000001e-09,-0.034453868759999999,-0.00016110859870000001,-0.6242183776000001,-0.0087404557749999993
-8.6796277230000012,-0.0071014329609999996,-0.00070786428750000004,9.5039228173161447,-0.00079380025260000005,-0.0001190420844,-0.3029122555,-0.0008824133671,-2.3278908590000003e-07,-0.23801427150000001,-0.030541163329999999,-0.2379613106,-0.00075428554600000003,-1.241877628e-09,-0.001709234439,-2.5308844579999998e-05,-0.0027724775730000001
-0.0066245716979999999,-8.140483960000001,-0.0068760800970000006,-0.00079380025260000005,8.9164561216273004,-0.00083926548269999993,-0.00080841799309999999,-0.45346302620000001,-0.00080934630360000002,-0.030507669279999997,-0.23820599710000001,-0.030559830949999998,-0.00069905524230000002,-0.00070358050299999992,-0.001561935058,-0.0015912886119999999,-0.001928296855
-0.00071069793340000002,-0.0074003181790000001,-8.6605709649999998,-0.0001190420844,-0.00083926548269999993,9.4838667128893945,-2.1882121269999999e-07,-0.00088586912330000005,-0.30289471490000003,-0.2380134606,-0.030540602200000003,-0.23795466310000002,-1.4397417300000001e-09,-0.00074961269470000009,-2.6928803940000001e-05,-0.0016901083580000001,-0.0014702441689999999
-2.6524968370000002,-0.052849264709999996,-1.298597897e-06,-0.3029122555,-0.00080841799309999999,-2.1882121269999999e-07,8.545104380607059,-0.2076438142,-1.4738205590000001e-05,-1.5334131010000001,-1.1101027130000001,-1.5308660219999999,-0.62095348260000005,-2.914624139e-06,-0.033292060330000005,-4.5425120630000001e-08,-0.4997471966
-0.054207390000000001,-3.3315181780000001,-0.054071592379999998,-0.0008824133671,-0.45346302620000001,-0.00088586912330000005,-0.2076438142,10.0789276444604,-0.2077515868,-1.1336043979999999,-1.5349657380000001,-1.129895385,-0.63238725370000004,-0.61856794640000001,-0.034047653839999997,-0.034441680049999999,-0.65059371939999999
-1.3868994499999999e-06,-0.052963577099999999,-2.6527979000000004,-2.3278908590000003e-07,-0.00080934630360000002,-0.30289471490000003,-1.4738205590000001e-05,-0.2077515868,8.5501254103010833,-1.5291722840000002,-1.1070148479999999,-1.5339965689999999,-2.9220569130000002e-06,-0.63003081930000004,-5.1576445099999999e-08,-0.032930327969999999,-0.49974410540000003
-0.89384714990000003,-0.14678742659999999,-0.89386570570000001,-0.23801427150000001,-0.030507669279999997,-0.2380134606,-1.5334131010000001,-1.1336043979999999,-1.5291722840000002,7.0980643833581007,-0.0082812531919999998,-0.00059528496010000001,-0.020754096310000001,-0.021003934720000002,-0.0040868435660000001,-0.0040622970300000002,-0.40205520700000003
-0.1472037537,-0.88940103500000001,-0.1472285797,-0.030541163329999999,-0.23820599710000001,-0.030540602200000003,-1.1101027130000001,-1.5349657380000001,-1.1070148479999999,-0.0082812531919999998,5.547181895056001,-0.0083273164150000009,-0.021224537080000001,-0.021184331349999998,-0.0040719533170000006,-0.0040818721719999996,-0.24480620150000004
-0.89385699460000001,-0.14674406370000001,-0.89391490559999998,-0.2379613106,-0.030559830949999998,-0.23795466310000002,-1.5308660219999999,-1.129895385,-1.5339965689999999,-0.00059528496010000001,-0.0083273164150000009,7.0969248368641003,-0.02123747317,-0.020802498739999998,-0.0040969238129999995,-0.0040629899160000002,-0.40205260530000003
-0.034616399110000001,-0.034557866559999997,-8.6652537560000001e-09,-0.00075428554600000003,-0.00069905524230000002,-1.4397417300000001e-09,-0.62095348260000005,-0.63238725370000004,-2.9220569130000002e-06,-0.020754096310000001,-0.021224537080000001,-0.02123747317,1.4139963739746946,-5.8451775230000001e-07,-0.013069581150000001,-3.3673379849999999e-10,-0.01373882649
-7.486648526999999e-09,-0.034682426520000004,-0.034453868759999999,-1.241877628e-09,-0.00070358050299999992,-0.00074961269470000009,-2.914624139e-06,-0.61856794640000001,-0.63003081930000004,-0.021003934720000002,-0.021184331349999998,-0.020802498739999998,-5.8451775230000001e-07,1.409010073983592,-3.0547469020000001e-10,-0.01309141938,-0.013736127440000001
-0.59403988920000006,-0.61773851999999996,-0.00016110859870000001,-0.001709234439,-0.001561935058,-2.6928803940000001e-05,-0.033292060330000005,-0.034047653839999997,-5.1576445099999999e-08,-0.0040868435660000001,-0.0040719533170000006,-0.0040969238129999995,-0.013069581150000001,-3.0547469020000001e-10,1.3081909389867687,-6.1225555090000008e-06,-0.0002821324337
-0.00015208919580000002,-0.59490617830000003,-0.6242183776000001,-2.5308844579999998e-05,-0.0015912886119999999,-0.0016901083580000001,-4.5425120630000001e-08,-0.034441680049999999,-0.032930327969999999,-0.0040622970300000002,-0.0040818721719999996,-0.0040629899160000002,-3.3673379849999999e-10,-0.01309141938,-6.1225555090000008e-06,1.3154547990387435,-0.00019469329300000001
-0.016170419750000001,-0.011977256760000001,-0.0087404557749999993,-0.0027724775730000001,-0.001928296855,-0.0014702441689999999,-0.4997471966,-0.65059371939999999,-0.49974410540000003,-0.40205520700000003,-0.24480620150000004,-0.40205260530000003,-0.01373882649,-0.013736127440000001,-0.0002821324337,-0.00019469329300000001,2.7700099657387001
