  1.313277375E-14  1.406954437E-13  4.078872193E-15  7.492995386E-12  6.913787519E-15  7.913771415E-16  2.026016506E-12  4.681870748E-14  1.935367036E-18  6.905763913E-13  1.285506955E-13  6.906382202E-13  2.991707094E-14  2.135892389E-20  5.169571834E-13  1.590137006E-16 
  1.406954437E-13  1.025286770E-14  1.421768559E-13  7.408339303E-15  7.158695431E-12  7.671530625E-15  4.524974292E-14  2.531578509E-12  4.536899877E-14  1.283937961E-13  6.854975884E-13  1.283731344E-13  3.000362897E-14  3.000390355E-14  5.329252053E-13  5.177541144E-13 
  4.078872193E-15  1.421768559E-13  8.007717738E-15  7.886292642E-16  7.111437328E-15  7.496787741E-12  1.750327450E-18  4.677503849E-14  2.025923157E-12  6.905215243E-13  1.285332477E-13  6.906134036E-13  2.429931559E-20  2.990770952E-14  1.671519317E-16  5.268588653E-13 
  7.492995386E-12  7.408339303E-15  7.886292642E-16  2.581038463E-15  9.150114973E-16  1.531082601E-16  2.715829068E-13  1.174893798E-15  3.749809363E-19  2.082157357E-13  2.979095484E-14  2.081692393E-13  9.873962350E-16  4.061324959E-21  2.187273933E-15  3.053043304E-17 
  6.913787519E-15  7.158695431E-12  7.111437328E-15  9.150114973E-16  1.896193746E-15  9.585939524E-16  1.071670900E-15  3.987670982E-13  1.067428340E-15  2.974224325E-14  2.085738741E-13  2.976748230E-14  9.257804062E-16  9.216901860E-16  2.022454059E-15  2.029913681E-15 
  7.913771415E-16  7.671530625E-15  7.496787741E-12  1.531082601E-16  9.585939524E-16  1.548473296E-15  3.403086026E-19  1.183605977E-15  2.715743103E-13  2.082651971E-13  2.981922751E-14  2.081655254E-13  4.637385692E-21  9.930993060E-16  3.222022155E-17  2.196379636E-15 
  2.026016506E-12  4.524974292E-14  1.750327450E-18  2.715829068E-13  1.071670900E-15  3.403086026E-19  3.897721460E-13  1.760007757E-13  3.194375885E-17  1.386996106E-12  1.013829127E-12  1.385839987E-12  5.492271021E-13  6.447255679E-18  2.848920579E-14  6.650903160E-20 
  4.681870748E-14  2.531578509E-12  4.677503849E-14  1.174893798E-15  3.987670982E-13  1.183605977E-15  1.760007757E-13  5.065317595E-13  1.763650202E-13  1.036102168E-12  1.385854033E-12  1.033366367E-12  5.564087031E-13  5.486889451E-13  2.962514590E-14  2.977253115E-14 
  1.935367036E-18  4.536899877E-14  2.025923157E-12  3.749809363E-19  1.067428340E-15  2.715743103E-13  3.194375885E-17  1.763650202E-13  3.897666874E-13  1.384935510E-12  1.013356634E-12  1.384872678E-12  6.442178110E-18  5.443055601E-13  7.726692954E-20  2.834088958E-14 
  6.905763913E-13  1.283937961E-13  6.905215243E-13  2.082157357E-13  2.974224325E-14  2.082651971E-13  1.386996106E-12  1.036102168E-12  1.384935510E-12  3.224810951E-13  9.907557643E-15  9.730956187E-16  2.105613912E-14  2.088762996E-14  4.280936277E-15  4.280144567E-15 
  1.285506955E-13  6.854975884E-13  1.285332477E-13  2.979095484E-14  2.085738741E-13  2.981922751E-14  1.013829127E-12  1.385854033E-12  1.013356634E-12  9.907557643E-15  2.001737946E-13  9.863665997E-15  2.112362609E-14  2.075541601E-14  4.271026557E-15  4.270859608E-15 
  6.906382202E-13  1.283731344E-13  6.906134036E-13  2.081692393E-13  2.976748230E-14  2.081655254E-13  1.385839987E-12  1.033366367E-12  1.384872678E-12  9.730956187E-16  9.863665997E-15  3.224866877E-13  2.049083161E-14  2.060150850E-14  4.277989898E-15  4.289204179E-15 
  2.991707094E-14  3.000362897E-14  2.429931559E-20  9.873962350E-16  9.257804062E-16  4.637385692E-21  5.492271021E-13  5.564087031E-13  6.442178110E-18  2.105613912E-14  2.112362609E-14  2.049083161E-14  1.202931050E-14  1.314892171E-18  1.144133912E-14  1.104439597E-21 
  2.135892389E-20  3.000390355E-14  2.990770952E-14  4.061324959E-21  9.216901860E-16  9.930993060E-16  6.447255679E-18  5.486889451E-13  5.443055601E-13  2.088762996E-14  2.075541601E-14  2.060150850E-14  1.314892171E-18  1.202605573E-14  1.022001063E-21  1.142963491E-14 
  5.169571834E-13  5.329252053E-13  1.671519317E-16  2.187273933E-15  2.022454059E-15  3.222022155E-17  2.848920579E-14  2.962514590E-14  7.726692954E-20  4.280936277E-15  4.271026557E-15  4.277989898E-15  1.144133912E-14  1.022001063E-21  2.693263140E-16  6.996855090E-18 
  1.590137006E-16  5.177541144E-13  5.268588653E-13  3.053043304E-17  2.029913681E-15  2.196379636E-15  6.650903160E-20  2.977253115E-14  2.834088958E-14  4.280144567E-15  4.270859608E-15  4.289204179E-15  1.104439597E-21  1.142963491E-14  6.996855090E-18  1.996360298E-16 
