15.392413584131644,-0.1684209196,-0.003607836972,-8.724338225,-0.0112718969,-0.000877219262,-2.2638806739999997,-0.07420452792,-6.568689438e-07,-1.5255268110000002,-0.1824915608,-1.526487524,-0.8928125578,-0.0001312522887,-0.01836192172
-0.1684209196,16.588503300560003,-0.1693601928,-0.010940593560000001,-8.933473703,-0.01127223231,-0.07042855629,-3.520907546,-0.07148188441,-0.18451614900000002,-1.505451273,-0.1845342374,-0.8627157634,-0.8823494411,-0.01265080869
-0.003607836972,-0.1693601928,15.445188555359499,-0.0008859195937000001,-0.011636307910000001,-8.806558946,-5.762976975000001e-07,-0.07508056106000001,-2.269678248,-1.526149762,-0.1831871934,-1.533312456,-0.00014041306110000002,-0.8567864433,-0.008803698965
-8.724338225,-0.010940593560000001,-0.0008859195937000001,10.157759736515409,-0.0019624727540000003,-0.000215485774,-0.5239887630000001,-0.0018986187859999998,-1.614928568e-07,-0.42047179790000005,-0.046345856080000004,-0.4195575717,-0.0025500491480000003,-3.210797985e-05,-0.004572113747
-0.0112718969,-8.933473703,-0.011636307910000001,-0.0019624727540000003,10.368601785893002,-0.002049193675,-0.001991802737,-0.8708570527,-0.0019334066139999999,-0.046633362750000004,-0.4314445306,-0.04661196397,-0.002830590648,-0.00272816367,-0.003177337965
-0.000877219262,-0.01127223231,-8.806558946,-0.000215485774,-0.002049193675,10.223065670668724,-1.402853151e-07,-0.0019070854219999998,-0.5170964295,-0.41983574240000004,-0.04589824603,-0.4125991022,-3.401828441e-05,-0.002621037205,-0.0021007923209999998
-2.2638806739999997,-0.07042855629,-5.762976975000001e-07,-0.5239887630000001,-0.001991802737,-1.402853151e-07,7.401477172426113,-0.4087584107,-1.006171292e-06,-1.2811585900000002,-0.9222242114999999,-1.340612713,-0.04072466663,-2.061480932e-08,-0.5477070412
-0.07420452792,-3.520907546,-0.07508056106000001,-0.0018986187859999998,-0.8708570527,-0.0019070854219999998,-0.4087584107,9.458110292728,-0.4044248721,-0.8843024429,-1.302808294,-0.9502289833,-0.04442894729,-0.044029074950000004,-0.8742738756
-6.568689438e-07,-0.07148188441,-2.269678248,-1.614928568e-07,-0.0019334066139999999,-0.5170964295,-1.006171292e-06,-0.4044248721,7.302389111564552,-1.234821082,-0.90792582,-1.306536443,-2.519745915e-08,-0.04078161441,-0.5477074618
-1.5255268110000002,-0.18451614900000002,-1.526149762,-0.42047179790000005,-0.046633362750000004,-0.41983574240000004,-1.2811585900000002,-0.8843024429,-1.234821082,8.322449063630602,-0.005308742607,-0.0002855836066,-0.006449684565000001,-0.006471133302,-0.7805181796
-0.1824915608,-1.505451273,-0.1831871934,-0.046345856080000004,-0.4314445306,-0.04589824603,-0.9222242114999999,-1.302808294,-0.90792582,-0.005308742607,6.00576726978,-0.0052953054510000005,-0.006432069609,-0.006589476103,-0.4543646906
-1.526487524,-0.1845342374,-1.533312456,-0.4195575717,-0.04661196397,-0.4125991022,-1.340612713,-0.9502289833,-1.306536443,-0.0002855836066,-0.0052953054510000005,8.519475050837599,-0.006368300776,-0.006537984434,-0.780506882
-0.8928125578,-0.8627157634,-0.00014041306110000002,-0.0025500491480000003,-0.002830590648,-3.401828441e-05,-0.04072466663,-0.04442894729,-2.519745915e-08,-0.006449684565000001,-0.006432069609,-0.006368300776,1.865801248558218,-5.318475949e-06,-0.0003088436733
-0.0001312522887,-0.8823494411,-0.8567864433,-3.210797985e-05,-0.00272816367,-0.002621037205,-2.061480932e-08,-0.044029074950000004,-0.04078161441,-0.006471133302,-0.006589476103,-0.006537984434,-5.318475949e-06,1.8492623948079085,-0.0001993269746
-0.01836192172,-0.01265080869,-0.008803698965,-0.004572113747,-0.003177337965,-0.0021007923209999998,-0.5477070412,-0.8742738756,-0.5477074618,-0.7805181796,-0.4543646906,-0.780506882,-0.0003088436733,-0.0001993269746,4.035252974855899
