  1.836192172E-14  1.684209196E-13  3.607836972E-15  8.724338225E-12  1.127189690E-14  8.772192620E-16  2.263880674E-12  7.420452792E-14  6.568689438E-19  1.525526811E-12  1.824915608E-13  1.526487524E-12  8.928125578E-13  1.312522887E-16 
  1.684209196E-13  1.265080869E-14  1.693601928E-13  1.094059356E-14  8.933473703E-12  1.127223231E-14  7.042855629E-14  3.520907546E-12  7.148188441E-14  1.845161490E-13  1.505451273E-12  1.845342374E-13  8.627157634E-13  8.823494411E-13 
  3.607836972E-15  1.693601928E-13  8.803698965E-15  8.859195937E-16  1.163630791E-14  8.806558946E-12  5.762976975E-19  7.508056106E-14  2.269678248E-12  1.526149762E-12  1.831871934E-13  1.533312456E-12  1.404130611E-16  8.567864433E-13 
  8.724338225E-12  1.094059356E-14  8.859195937E-16  4.572113747E-15  1.962472754E-15  2.154857740E-16  5.239887630E-13  1.898618786E-15  1.614928568E-19  4.204717979E-13  4.634585608E-14  4.195575717E-13  2.550049148E-15  3.210797985E-17 
  1.127189690E-14  8.933473703E-12  1.163630791E-14  1.962472754E-15  3.177337965E-15  2.049193675E-15  1.991802737E-15  8.708570527E-13  1.933406614E-15  4.663336275E-14  4.314445306E-13  4.661196397E-14  2.830590648E-15  2.728163670E-15 
  8.772192620E-16  1.127223231E-14  8.806558946E-12  2.154857740E-16  2.049193675E-15  2.100792321E-15  1.402853151E-19  1.907085422E-15  5.170964295E-13  4.198357424E-13  4.589824603E-14  4.125991022E-13  3.401828441E-17  2.621037205E-15 
  2.263880674E-12  7.042855629E-14  5.762976975E-19  5.239887630E-13  1.991802737E-15  1.402853151E-19  5.477070412E-13  4.087584107E-13  1.006171292E-18  1.281158590E-12  9.222242115E-13  1.340612713E-12  4.072466663E-14  2.061480932E-20 
  7.420452792E-14  3.520907546E-12  7.508056106E-14  1.898618786E-15  8.708570527E-13  1.907085422E-15  4.087584107E-13  8.742738756E-13  4.044248721E-13  8.843024429E-13  1.302808294E-12  9.502289833E-13  4.442894729E-14  4.402907495E-14 
  6.568689438E-19  7.148188441E-14  2.269678248E-12  1.614928568E-19  1.933406614E-15  5.170964295E-13  1.006171292E-18  4.044248721E-13  5.477074618E-13  1.234821082E-12  9.079258200E-13  1.306536443E-12  2.519745915E-20  4.078161441E-14 
  1.525526811E-12  1.845161490E-13  1.526149762E-12  4.204717979E-13  4.663336275E-14  4.198357424E-13  1.281158590E-12  8.843024429E-13  1.234821082E-12  7.805181796E-13  5.308742607E-15  2.855836066E-16  6.449684565E-15  6.471133302E-15 
  1.824915608E-13  1.505451273E-12  1.831871934E-13  4.634585608E-14  4.314445306E-13  4.589824603E-14  9.222242115E-13  1.302808294E-12  9.079258200E-13  5.308742607E-15  4.543646906E-13  5.295305451E-15  6.432069609E-15  6.589476103E-15 
  1.526487524E-12  1.845342374E-13  1.533312456E-12  4.195575717E-13  4.661196397E-14  4.125991022E-13  1.340612713E-12  9.502289833E-13  1.306536443E-12  2.855836066E-16  5.295305451E-15  7.805068820E-13  6.368300776E-15  6.537984434E-15 
  8.928125578E-13  8.627157634E-13  1.404130611E-16  2.550049148E-15  2.830590648E-15  3.401828441E-17  4.072466663E-14  4.442894729E-14  2.519745915E-20  6.449684565E-15  6.432069609E-15  6.368300776E-15  3.088436733E-16  5.318475949E-18 
  1.312522887E-16  8.823494411E-13  8.567864433E-13  3.210797985E-17  2.728163670E-15  2.621037205E-15  2.061480932E-20  4.402907495E-14  4.078161441E-14  6.471133302E-15  6.589476103E-15  6.537984434E-15  5.318475949E-18  1.993269746E-16 
