  2.831298696E-14  2.538797554E-13  1.280168286E-11  1.341802699E-14  5.605987770E-12  7.662348784E-14  9.481764710E-13  1.899747481E-13  1.013199550E-12  1.835573257E-13  5.142826303E-14  7.823797732E-13 
  2.538797554E-13  2.284287544E-14  1.343331867E-14  1.279840975E-11  7.662088562E-14  5.609666238E-12  1.834027362E-13  1.013083784E-12  1.898525886E-13  9.478320876E-13  5.147396479E-14  7.695987594E-13 
  1.280168286E-11  1.343331867E-14  4.612072542E-15  1.367768577E-15  6.796962192E-13  2.650271901E-15  2.358362513E-13  1.595793486E-14  2.546813195E-13  1.580515798E-14  2.253533105E-15  4.745364599E-15 
  1.341802699E-14  1.279840975E-11  1.367768577E-15  3.782311204E-15  2.645538721E-15  6.800076554E-13  1.580524680E-14  2.547553289E-13  1.595846618E-14  2.358106880E-13  2.255343901E-15  4.774911892E-15 
  5.605987770E-12  7.662088562E-14  6.796962192E-13  2.645538721E-15  1.211240489E-12  2.105745839E-13  1.445995571E-12  1.124136380E-12  1.729999178E-12  1.095764238E-12  8.429893264E-13  4.842264773E-14 
  7.662348784E-14  5.609666238E-12  2.650271901E-15  6.800076554E-13  2.105745839E-13  1.212009675E-12  1.083986305E-12  1.742811070E-12  1.103789458E-12  1.451115115E-12  8.442611767E-13  4.849030524E-14 
  9.481764710E-13  1.834027362E-13  2.358362513E-13  1.580524680E-14  1.445995571E-12  1.083986305E-12  2.617217435E-13  2.278762236E-15  6.806899729E-17  1.352107649E-19  1.427625317E-14  2.981963572E-15 
  1.899747481E-13  1.013083784E-12  1.595793486E-14  2.547553289E-13  1.124136380E-12  1.742811070E-12  2.278762236E-15  2.797534850E-13  4.871420575E-15  6.739594066E-17  2.603668892E-14  8.393153331E-15 
  1.013199550E-12  1.898525886E-13  2.546813195E-13  1.595846618E-14  1.729999178E-12  1.103789458E-12  6.806899729E-17  4.871420575E-15  2.797365351E-13  2.277229977E-15  2.637972311E-14  8.380013946E-15 
  1.835573257E-13  9.478320876E-13  1.580515798E-14  2.358106880E-13  1.095764238E-12  1.451115115E-12  1.352107649E-19  6.739594066E-17  2.277229977E-15  2.616806408E-13  1.443191547E-14  2.980265386E-15 
  5.142826303E-14  5.147396479E-14  2.253533105E-15  2.255343901E-15  8.429893264E-13  8.442611767E-13  1.427625317E-14  2.603668892E-14  2.637972311E-14  1.443191547E-14  2.400482749E-14  1.976481399E-14 
  7.823797732E-13  7.695987594E-13  4.745364599E-15  4.774911892E-15  4.842264773E-14  4.849030524E-14  2.981963572E-15  8.393153331E-15  8.380013946E-15  2.980265386E-15  1.976481399E-14  3.639959150E-16 
