21.94862101822,-0.2538797554,-12.801682860000001,-0.01341802699,-5.60598777,-0.07662348784,-0.948176471,-0.1899747481,-1.01319955,-0.1835573257,-0.051428263030000004,-0.7823797732,-0.02831298696
-0.2538797554,21.93009674372,-0.01343331867,-12.798409750000001,-0.07662088562,-5.609666238,-0.18340273620000003,-1.013083784,-0.18985258859999998,-0.9478320876,-0.05147396479,-0.7695987594,-0.02284287544
-12.801682860000001,-0.01343331867,14.032722072234,-0.001367768577,-0.6796962192,-0.002650271901,-0.2358362513,-0.01595793486,-0.2546813195,-0.015805157979999998,-0.002253533105,-0.004745364599,-0.0046120725420000005
-0.01341802699,-12.798409750000001,-0.001367768577,14.028991036565001,-0.0026455387210000004,-0.6800076554000001,-0.015805246800000002,-0.2547553289,-0.015958466180000002,-0.23581068800000002,-0.0022553439010000002,-0.004774911892,-0.003782311204
-5.60598777,-0.07662088562,-0.6796962192,-0.0026455387210000004,14.074072827570996,-0.2105745839,-1.445995571,-1.1241363800000002,-1.729999178,-1.095764238,-0.8429893264,-0.04842264773,-1.2112404890000001
-0.07662348784,-5.609666238,-0.002650271901,-0.6800076554000001,-0.2105745839,14.065985341980998,-1.083986305,-1.7428110700000001,-1.1037894579999998,-1.451115115,-0.8442611767,-0.048490305239999996,-1.212009675
-0.948176471,-0.18340273620000003,-0.2358362513,-0.015805246800000002,-1.445995571,-1.083986305,4.194529507986055,-0.002278762236,-6.806899729e-05,-1.352107649e-07,-0.014276253170000001,-0.002981963572,-0.26172174350000005
-0.1899747481,-1.013083784,-0.01595793486,-0.2547553289,-1.1241363800000002,-1.7428110700000001,-0.002278762236,4.662120151862661,-0.0048714205749999994,-6.739594066e-05,-0.02603668892,-0.008393153330999999,-0.279753485
-1.01319955,-0.18985258859999998,-0.2546813195,-0.015958466180000002,-1.729999178,-1.1037894579999998,-6.806899729e-05,-0.0048714205749999994,4.629193551985289,-0.002277229977,-0.026379723110000003,-0.008380013946000001,-0.2797365351
-0.1835573257,-0.9478320876,-0.015805157979999998,-0.23581068800000002,-1.095764238,-1.451115115,-1.352107649e-07,-6.739594066e-05,-0.002277229977,4.211322195064424,-0.014431915469999999,-0.0029802653860000004,-0.26168064080000003
-0.051428263030000004,-0.05147396479,-0.002253533105,-0.0022553439010000002,-0.8429893264,-0.8442611767,-0.014276253170000001,-0.02603668892,-0.026379723110000003,-0.014431915469999999,1.919555830076,-0.019764813989999998,-0.02400482749
-0.7823797732,-0.7695987594,-0.004745364599,-0.004774911892,-0.04842264773,-0.048490305239999996,-0.002981963572,-0.008393153330999999,-0.008380013946000001,-0.0029802653860000004,-0.019764813989999998,1.7012759682010001,-0.000363995915
-0.02831298696,-0.02284287544,-0.0046120725420000005,-0.003782311204,-1.2112404890000001,-1.212009675,-0.26172174350000005,-0.279753485,-0.2797365351,-0.26168064080000003,-0.02400482749,-0.000363995915,3.590061637951
