  3.473392662E-14  2.423233418E-13  5.861430898E-14  2.450792895E-14  1.201737792E-14  6.544465779E-15  4.159334699E-15  1.995867221E-15 
  2.423233418E-13  5.827352259E-14  2.462870163E-13  6.104021920E-14  2.665144606E-14  1.381329758E-14  8.525099978E-15  4.038159753E-15 
  5.861430898E-14  2.462870163E-13  5.905431550E-14  2.323075988E-13  5.570456340E-14  2.457401270E-14  1.405598707E-14  6.459190814E-15 
  2.450792895E-14  6.104021920E-14  2.323075988E-13  5.900069018E-14  2.269238055E-13  5.588096935E-14  2.713724568E-14  1.184468475E-14 
  1.201737792E-14  2.665144606E-14  5.570456340E-14  2.269238055E-13  5.888559374E-14  2.281501198E-13  6.219441720E-14  2.405434948E-14 
  6.544465779E-15  1.381329758E-14  2.457401270E-14  5.588096935E-14  2.281501198E-13  5.874296454E-14  2.430994662E-13  5.714007892E-14 
  4.159334699E-15  8.525099978E-15  1.405598707E-14  2.713724568E-14  6.219441720E-14  2.430994662E-13  5.889460152E-14  2.393371142E-13 
  1.995867221E-15  4.038159753E-15  6.459190814E-15  1.184468475E-14  2.405434948E-14  5.714007892E-14  2.393371142E-13  3.427815911E-14 
