  4.544782431E-14  1.980148694E-13  5.159347192E-14  1.966292698E-14  8.456805354E-15  4.029132170E-15  2.292528865E-15  1.035861734E-15 
  1.980148694E-13  7.909993627E-14  2.021851780E-13  5.396101499E-14  2.116637333E-14  9.564264094E-15  5.194666306E-15  2.288680148E-15 
  5.159347192E-14  2.021851780E-13  7.992171395E-14  1.906041131E-13  4.927711494E-14  1.952726044E-14  9.704883372E-15  4.078853272E-15 
  1.966292698E-14  5.396101499E-14  1.906041131E-13  7.995867487E-14  1.882094883E-13  4.927121828E-14  2.147420404E-14  8.551214353E-15 
  8.456805354E-15  2.116637333E-14  4.927711494E-14  1.882094883E-13  7.973044663E-14  1.892561949E-13  5.453021246E-14  1.976955032E-14 
  4.029132170E-15  9.564264094E-15  1.952726044E-14  4.927121828E-14  1.892561949E-13  7.933095047E-14  2.038684193E-13  5.132734572E-14 
  2.292528865E-15  5.194666306E-15  9.704883372E-15  2.147420404E-14  5.453021246E-14  2.038684193E-13  7.954559338E-14  2.045382400E-13 
  1.035861734E-15  2.288680148E-15  4.078853272E-15  8.551214353E-15  1.976955032E-14  5.132734572E-14  2.045382400E-13  4.574748434E-14 
