  4.798532346E-14  1.920992593E-13  4.971942664E-14  1.870704615E-14  7.727768256E-15  3.571927714E-15  1.978291346E-15  9.004356743E-16 
  1.920992593E-13  8.434493692E-14  1.953127107E-13  5.291535147E-14  1.995746455E-14  8.716619372E-15  4.578225275E-15  2.023406413E-15 
  4.971942664E-14  1.953127107E-13  8.464967629E-14  1.851262398E-13  4.731809991E-14  1.819590307E-14  8.689742109E-15  3.642258828E-15 
  1.870704615E-14  5.291535147E-14  1.851262398E-13  8.566277340E-14  1.839405380E-13  4.788960195E-14  2.009449679E-14  7.954453172E-15 
  7.727768256E-15  1.995746455E-14  4.731809991E-14  1.839405380E-13  8.502383694E-14  1.833616653E-13  5.236345691E-14  1.894498511E-14 
  3.571927714E-15  8.716619372E-15  1.819590307E-14  4.788960195E-14  1.833616653E-13  8.444363699E-14  1.934532141E-13  5.058175249E-14 
  1.978291346E-15  4.578225275E-15  8.689742109E-15  2.009449679E-14  5.236345691E-14  1.934532141E-13  8.372294941E-14  1.937116289E-13 
  9.004356743E-16  2.023406413E-15  3.642258828E-15  7.954453172E-15  1.894498511E-14  5.058175249E-14  1.937116289E-13  4.868309458E-14 
