  1.632665225E-14  1.612161648E-13  4.283794154E-15  6.686477079E-12  6.375724958E-15  6.871733459E-16  2.245473700E-12  5.213324318E-14  1.235610474E-18  1.113000731E-12  1.575287833E-13  1.112997723E-12  3.406249733E-14  6.148660726E-21  6.273487653E-13  1.528912822E-16 
  1.612161648E-13  1.229443211E-14  1.633872688E-13  8.121563950E-15  5.534731188E-12  8.384946683E-15  5.003559192E-14  3.221028240E-12  4.990009287E-14  1.584576702E-13  1.107405712E-12  1.584156307E-13  3.438453669E-14  3.434699462E-14  5.988687834E-13  6.214056622E-13 
  4.283794154E-15  1.633872688E-13  8.818168945E-15  6.854052595E-16  6.624169451E-15  6.689133347E-12  1.192927083E-18  5.233618817E-14  2.245536979E-12  1.112986016E-12  1.575293470E-13  1.112887930E-12  8.972328331E-21  3.409879793E-14  1.622605006E-16  6.014317336E-13 
  6.686477079E-12  8.121563950E-15  6.854052595E-16  2.640721918E-15  6.972079277E-16  1.099969163E-16  2.587361641E-13  1.447316509E-15  1.980995532E-19  2.444787436E-13  2.159022757E-14  2.444920238E-13  1.221993150E-15  9.740590943E-22  2.509569819E-15  2.436193018E-17 
  6.375724958E-15  5.534731188E-12  6.624169451E-15  6.972079277E-16  1.611672818E-15  7.341429465E-16  1.052629075E-15  3.408895486E-13  1.056552110E-15  2.155752007E-14  2.433000270E-13  2.161241368E-14  9.291253772E-16  9.356532570E-16  2.006205437E-15  1.968683853E-15 
  6.871733459E-16  8.384946683E-15  6.689133347E-12  1.099969163E-16  7.341429465E-16  1.405227556E-15  1.917213733E-19  1.447805731E-15  2.587547716E-13  2.444422977E-13  2.161004726E-14  2.445261719E-13  1.442233302E-21  1.227548934E-15  2.593021071E-17  2.575029572E-15 
  2.245473700E-12  5.003559192E-14  1.192927083E-18  2.587361641E-13  1.052629075E-15  1.917213733E-19  4.248344525E-13  1.868137885E-13  1.144716864E-17  1.650292029E-12  1.147497686E-12  1.644678756E-12  6.362936929E-13  2.551865018E-18  3.080698074E-14  4.144280157E-20 
  5.213324318E-14  3.221028240E-12  5.233618817E-14  1.447316509E-15  3.408895486E-13  1.447805731E-15  1.868137885E-13  6.131747760E-13  1.863979719E-13  1.172950796E-12  1.658775507E-12  1.182342746E-12  6.399355335E-13  6.429657345E-13  3.336054733E-14  3.295961655E-14 
  1.235610474E-18  4.990009287E-14  2.245536979E-12  1.980995532E-19  1.056552110E-15  2.587547716E-13  1.144716864E-17  1.863979719E-13  4.248640564E-13  1.646087874E-12  1.139911516E-12  1.648179676E-12  2.547088047E-18  6.326264931E-13  4.557744553E-20  3.114759330E-14 
  1.113000731E-12  1.584576702E-13  1.112986016E-12  2.444787436E-13  2.155752007E-14  2.444422977E-13  1.650292029E-12  1.172950796E-12  1.646087874E-12  4.769319876E-13  1.217460686E-14  1.062702155E-15  2.483928298E-14  2.421351180E-14  5.136023840E-15  5.181593438E-15 
  1.575287833E-13  1.107405712E-12  1.575293470E-13  2.159022757E-14  2.433000270E-13  2.161004726E-14  1.147497686E-12  1.658775507E-12  1.139911516E-12  1.217460686E-14  2.822266936E-13  1.212968961E-14  2.434970108E-14  2.472377456E-14  5.166563398E-15  5.137392742E-15 
  1.112997723E-12  1.584156307E-13  1.112887930E-12  2.444920238E-13  2.161241368E-14  2.445261719E-13  1.644678756E-12  1.182342746E-12  1.648179676E-12  1.062702155E-15  1.212968961E-14  4.769268068E-13  2.409049039E-14  2.391072102E-14  5.117972993E-15  5.169828262E-15 
  3.406249733E-14  3.438453669E-14  8.972328331E-21  1.221993150E-15  9.291253772E-16  1.442233302E-21  6.362936929E-13  6.399355335E-13  2.547088047E-18  2.483928298E-14  2.434970108E-14  2.409049039E-14  1.373488523E-14  5.824025186E-19  1.307499130E-14  3.512972684E-22 
  6.148660726E-21  3.434699462E-14  3.409879793E-14  9.740590943E-22  9.356532570E-16  1.227548934E-15  2.551865018E-18  6.429657345E-13  6.326264931E-13  2.421351180E-14  2.472377456E-14  2.391072102E-14  5.824025186E-19  1.373660283E-14  2.625415405E-22  1.307591958E-14 
  6.273487653E-13  5.988687834E-13  1.622605006E-16  2.509569819E-15  2.006205437E-15  2.593021071E-17  3.080698074E-14  3.336054733E-14  4.557744553E-20  5.136023840E-15  5.166563398E-15  5.117972993E-15  1.307499130E-14  2.625415405E-22  2.821178920E-16  6.122409730E-18 
  1.528912822E-16  6.214056622E-13  6.014317336E-13  2.436193018E-17  1.968683853E-15  2.575029572E-15  4.144280157E-20  3.295961655E-14  3.114759330E-14  5.181593438E-15  5.137392742E-15  5.169828262E-15  3.512972684E-22  1.307591958E-14  6.122409730E-18  1.946709194E-16 
