12.218066164659234,-0.16121616480000001,-0.0042837941539999999,-6.6864770790000003,-0.0063757249580000007,-0.00068717334590000006,-2.2454736999999998,-0.052133243180000004,-1.235610474e-06,-1.1130007310000001,-0.1575287833,-1.1129977229999999,-0.034062497329999997,-6.1486607260000001e-09,-0.62734876529999994,-0.00015289128219999999,-0.01632665225
-0.16121616480000001,11.922384478943004,-0.16338726880000001,-0.0081215639500000006,-5.5347311879999994,-0.0083849466830000011,-0.050035591919999997,-3.2210282400000003,-0.049900092869999996,-0.15845767020000001,-1.107405712,-0.1584156307,-0.034384536690000002,-0.034346994620000001,-0.59886878340000005,-0.62140566220000004,-0.01229443211
-0.0042837941539999999,-0.16338726880000001,12.189902607709513,-0.00068540525950000009,-0.0066241694510000004,-6.6891333470000003,-1.1929270830000001e-06,-0.052336188169999999,-2.2455369789999997,-1.112986016,-0.15752934700000001,-1.1128879300000001,-8.972328331000001e-09,-0.034098797930000001,-0.00016226050059999999,-0.60143173360000002,-0.0088181689449999996
-6.6864770790000003,-0.0081215639500000006,-0.00068540525950000009,7.4732325745232906,-0.00069720792770000008,-0.00010999691630000001,-0.25873616410000005,-0.0014473165090000001,-1.9809955320000002e-07,-0.24447874360000002,-0.021590227570000002,-0.24449202380000001,-0.00122199315,-9.740590942999999e-10,-0.0025095698189999999,-2.436193018e-05,-0.0026407219179999998
-0.0063757249580000007,-5.5347311879999994,-0.0066241694510000004,-0.00069720792770000008,6.186082464560398,-0.00073414294650000003,-0.0010526290750000002,-0.34088954860000004,-0.0010565521100000001,-0.021557520069999999,-0.243300027,-0.021612413680000001,-0.00092912537720000001,-0.000935653257,-0.002006205437,-0.0019686838530000002,-0.0016116728180000002
-0.00068717334590000006,-0.0083849466830000011,-6.6891333470000003,-0.00010999691630000001,-0.00073414294650000003,7.4750646305190163,-1.9172137330000001e-07,-0.001447805731,-0.25875477160000004,-0.24444229770000001,-0.021610047260000001,-0.24452617189999998,-1.442233302e-09,-0.0012275489340000001,-2.593021071e-05,-0.0025750295719999998,-0.0014052275559999999
-2.2454736999999998,-0.050035591919999997,-1.1929270830000001e-06,-0.25873616410000005,-0.0010526290750000002,-1.9172137330000001e-07,8.2765308958599171,-0.18681378849999999,-1.1447168639999999e-05,-1.650292029,-1.1474976860000001,-1.644678756,-0.63629369290000004,-2.551865018e-06,-0.03080698074,-4.1442801569999998e-08,-0.42483445250000001
-0.052133243180000004,-3.2210282400000003,-0.052336188169999999,-0.0014473165090000001,-0.34088954860000004,-0.001447805731,-0.18681378849999999,10.018959359469999,-0.18639797190000001,-1.1729507960000001,-1.6587755069999999,-1.1823427460000002,-0.63993553349999999,-0.64296573450000005,-0.033360547329999997,-0.032959616550000001,-0.61317477600000003
-1.235610474e-06,-0.049900092869999996,-2.2455369789999997,-1.9809955320000002e-07,-0.0010565521100000001,-0.25875477160000004,-1.1447168639999999e-05,-0.18639797190000001,8.2644790498241605,-1.646087874,-1.1399115160000002,-1.648179676,-2.5470880470000001e-06,-0.63262649310000008,-4.5577445530000001e-08,-0.031147593300000002,-0.42486405639999997
-1.1130007310000001,-0.15845767020000001,-1.112986016,-0.24447874360000002,-0.021557520069999999,-0.24444229770000001,-1.650292029,-1.1729507960000001,-1.646087874,7.9137933862430021,-0.012174606860000001,-0.001062702155,-0.024839282980000002,-0.0242135118,-0.0051360238400000001,-0.0051815934379999999,-0.4769319876
-0.1575287833,-1.107405712,-0.15752934700000001,-0.021590227570000002,-0.243300027,-0.021610047260000001,-1.1474976860000001,-1.6587755069999999,-1.1399115160000002,-0.012174606860000001,6.0210572749800022,-0.012129689610000001,-0.024349701079999998,-0.024723774560000002,-0.005166563398,-0.0051373927419999998,-0.28222669360000002
-1.1129977229999999,-0.1584156307,-1.1128879300000001,-0.24449202380000001,-0.021612413680000001,-0.24452617189999998,-1.644678756,-1.1823427460000002,-1.648179676,-0.001062702155,-0.012129689610000001,7.9185412823099997,-0.02409049039,-0.023910721019999998,-0.0051179729930000001,-0.0051698282620000003,-0.47692680680000005
-0.034062497329999997,-0.034384536690000002,-8.972328331000001e-09,-0.00122199315,-0.00092912537720000001,-1.442233302e-09,-0.63629369290000004,-0.63993553349999999,-2.5470880470000001e-06,-0.024839282980000002,-0.024349701079999998,-0.02409049039,1.4469198701836246,-5.8240251859999997e-07,-0.0130749913,-3.512972684e-10,-0.01373488523
-6.1486607260000001e-09,-0.034346994620000001,-0.034098797930000001,-9.740590942999999e-10,-0.000935653257,-0.0012275489340000001,-2.551865018e-06,-0.64296573450000005,-0.63262649310000008,-0.0242135118,-0.024723774560000002,-0.023910721019999998,-5.8240251859999997e-07,1.4458648937837983,-2.6254154050000001e-10,-0.013075919580000001,-0.01373660283
-0.62734876529999994,-0.59886878340000005,-0.00016226050059999999,-0.0025095698189999999,-0.002006205437,-2.593021071e-05,-0.03080698074,-0.033360547329999997,-4.5577445530000001e-08,-0.0051360238400000001,-0.005166563398,-0.0051179729930000001,-0.0130749913,-2.6254154050000001e-10,1.3238728804100273,-6.1224097300000004e-06,-0.00028211789200000004
-0.00015289128219999999,-0.62140566220000004,-0.60143173360000002,-2.436193018e-05,-0.0019686838530000002,-0.0025750295719999998,-4.1442801569999998e-08,-0.032959616550000001,-0.031147593300000002,-0.0051815934379999999,-0.0051373927419999998,-0.0051698282620000003,-3.512972684e-10,-0.013075919580000001,-6.1224097300000004e-06,1.3204311414326091,-0.00019467091940000001
-0.01632665225,-0.01229443211,-0.0088181689449999996,-0.0026407219179999998,-0.0016116728180000002,-0.0014052275559999999,-0.42483445250000001,-0.61317477600000003,-0.42486405639999997,-0.4769319876,-0.28222669360000002,-0.47692680680000005,-0.01373488523,-0.01373660283,-0.00028211789200000004,-0.00019467091940000001,2.7700039253683997
