20.540505566015277,-0.1798459205,-0.0016101046020000002,-13.22747805,-0.005851128793,-0.0002003089485,-2.874874241,-0.06282981431,-1.601341805e-07,-1.505288506,-0.1761697271,-1.5064825320000002,-0.00012753570760000002,-0.039614857370000006,-0.9356398319,-0.02449284765
-0.1798459205,22.940975321581995,-0.17301680770000002,-0.006014096841,-14.690979050000001,-0.0063212744409999995,-0.06348026194,-3.5167798780000004,-0.062120098010000006,-0.1742731196,-1.683084615,-0.1749192048,-0.3633670084,-0.07962667376,-1.754819871,-0.01232744159
-0.0016101046020000002,-0.17301680770000002,21.609767910998805,-0.0001991873988,-0.00636844332,-14.35898883,-1.545053029e-07,-0.06260174782,-2.875063832,-1.506347428,-0.1762442381,-1.505719128,-0.0001302396507,-0.039455062840000006,-0.8974944100000001,-0.006528297062
-13.22747805,-0.006014096841,-0.0001991873988,14.058199248530295,-0.0005731474464000001,-2.478270695e-05,-0.337995034,-0.0006224592277,-1.97933552e-08,-0.2289746876,-0.02331595035,-0.22805285290000002,-1.089036791e-06,-0.0005309764133,-0.001195925975,-0.0032209888410000003
-0.005851128793,-14.690979050000001,-0.00636844332,-0.0005731474464000001,15.527827371663598,-0.0006177670392,-0.00045529912820000003,-0.45576959130000005,-0.0006312881173,-0.023858635910000002,-0.2585271769,-0.023240354680000002,-0.05600796467,-0.0009458681725000001,-0.002359948026,-0.0016417081610000002
-0.0002003089485,-0.0063212744409999995,-14.35898883,-2.478270695e-05,-0.0006177670392,15.187734519531801,-1.9209437010000002e-08,-0.0006436509740999999,-0.3381719081,-0.22817925940000003,-0.02340511975,-0.2285659611,-1.107889216e-06,-0.0005454636109,-0.00125212701,-0.0008169393525
-2.874874241,-0.06348026194,-1.545053029e-07,-0.337995034,-0.00045529912820000003,-1.9209437010000002e-08,8.460303023616945,-0.1773877325,-1.8138600030000002e-06,-1.353932013,-1.028560418,-1.333456415,-0.001199213784,-0.6242730195,-0.03870127699,-0.6259861111999999
-0.06282981431,-3.5167798780000004,-0.06260174782,-0.0006224592277,-0.45576959130000005,-0.0006436509740999999,-0.1773877325,11.2450390956118,-0.1794563977,-1.2842770959999998,-1.677285163,-1.030421228,-0.6858413882000001,-1.242503648,-0.08000935018000001,-0.7886099504
-1.601341805e-07,-0.062120098010000006,-2.875063832,-1.97933552e-08,-0.0006312881173,-0.3381719081,-1.8138600030000002e-06,-0.1794563977,8.48969409816584,-1.382831095,-1.026276517,-1.326027594,-0.001198760941,-0.632304295,-0.039635894410000004,-0.6259744240999999
-1.505288506,-0.1742731196,-1.506347428,-0.2289746876,-0.023858635910000002,-0.22817925940000003,-1.353932013,-1.2842770959999998,-1.382831095,8.431223612785999,-0.008978977691000001,-0.0008884031820000001,-0.002570457207,-0.030964059250000002,-0.006644584146,-0.6932152908
-0.1761697271,-1.683084615,-0.1762442381,-0.02331595035,-0.2585271769,-0.02340511975,-1.028560418,-1.677285163,-1.026276517,-0.008978977691000001,6.573429109011401,-0.00893435937,-0.0005623236184,-0.03230154099,-0.006797998742,-0.4429849834
-1.5064825320000002,-0.1749192048,-1.505719128,-0.22805285290000002,-0.023240354680000002,-0.2285659611,-1.333456415,-1.030421228,-1.326027594,-0.0008884031820000001,-0.00893435937,8.09985103938,-0.0025687902630000003,-0.03073599298,-0.006618423605000001,-0.6932197995
-0.00012753570760000002,-0.3633670084,-0.0001302396507,-1.089036791e-06,-0.05600796467,-1.107889216e-06,-0.001199213784,-0.6858413882000001,-0.001198760941,-0.002570457207,-0.0005623236184,-0.0025687902630000003,1.1938424099774074,-0.0008091715161,-0.00022360095360000003,-0.07923375814
-0.039614857370000006,-0.07962667376,-0.039455062840000006,-0.0005309764133,-0.0009458681725000001,-0.0005454636109,-0.6242730195,-1.242503648,-0.632304295,-0.030964059250000002,-0.03230154099,-0.03073599298,-0.0008091715161,2.8210363721628,-0.03036839717,-0.03605734559
-0.9356398319,-1.754819871,-0.8974944100000001,-0.001195925975,-0.002359948026,-0.00125212701,-0.03870127699,-0.08000935018000001,-0.039635894410000004,-0.006644584146,-0.006797998742,-0.006618423605000001,-0.00022360095360000003,-0.03036839717,3.8022048169753,-0.0004431768677
-0.02449284765,-0.01232744159,-0.006528297062,-0.0032209888410000003,-0.0016417081610000002,-0.0008169393525,-0.6259861111999999,-0.7886099504,-0.6259744240999999,-0.6932152908,-0.4429849834,-0.6932197995,-0.07923375814,-0.03605734559,-0.0004431768677,4.034753062654199
