  2.449284765E-14  1.798459205E-13  1.610104602E-15  1.322747805E-11  5.851128793E-15  2.003089485E-16  2.874874241E-12  6.282981431E-14  1.601341805E-19  1.505288506E-12  1.761697271E-13  1.506482532E-12  1.275357076E-16  3.961485737E-14  9.356398319E-13 
  1.798459205E-13  1.232744159E-14  1.730168077E-13  6.014096841E-15  1.469097905E-11  6.321274441E-15  6.348026194E-14  3.516779878E-12  6.212009801E-14  1.742731196E-13  1.683084615E-12  1.749192048E-13  3.633670084E-13  7.962667376E-14  1.754819871E-12 
  1.610104602E-15  1.730168077E-13  6.528297062E-15  1.991873988E-16  6.368443320E-15  1.435898883E-11  1.545053029E-19  6.260174782E-14  2.875063832E-12  1.506347428E-12  1.762442381E-13  1.505719128E-12  1.302396507E-16  3.945506284E-14  8.974944100E-13 
  1.322747805E-11  6.014096841E-15  1.991873988E-16  3.220988841E-15  5.731474464E-16  2.478270695E-17  3.379950340E-13  6.224592277E-16  1.979335520E-20  2.289746876E-13  2.331595035E-14  2.280528529E-13  1.089036791E-18  5.309764133E-16  1.195925975E-15 
  5.851128793E-15  1.469097905E-11  6.368443320E-15  5.731474464E-16  1.641708161E-15  6.177670392E-16  4.552991282E-16  4.557695913E-13  6.312881173E-16  2.385863591E-14  2.585271769E-13  2.324035468E-14  5.600796467E-14  9.458681725E-16  2.359948026E-15 
  2.003089485E-16  6.321274441E-15  1.435898883E-11  2.478270695E-17  6.177670392E-16  8.169393525E-16  1.920943701E-20  6.436509741E-16  3.381719081E-13  2.281792594E-13  2.340511975E-14  2.285659611E-13  1.107889216E-18  5.454636109E-16  1.252127010E-15 
  2.874874241E-12  6.348026194E-14  1.545053029E-19  3.379950340E-13  4.552991282E-16  1.920943701E-20  6.259861112E-13  1.773877325E-13  1.813860003E-18  1.353932013E-12  1.028560418E-12  1.333456415E-12  1.199213784E-15  6.242730195E-13  3.870127699E-14 
  6.282981431E-14  3.516779878E-12  6.260174782E-14  6.224592277E-16  4.557695913E-13  6.436509741E-16  1.773877325E-13  7.886099504E-13  1.794563977E-13  1.284277096E-12  1.677285163E-12  1.030421228E-12  6.858413882E-13  1.242503648E-12  8.000935018E-14 
  1.601341805E-19  6.212009801E-14  2.875063832E-12  1.979335520E-20  6.312881173E-16  3.381719081E-13  1.813860003E-18  1.794563977E-13  6.259744241E-13  1.382831095E-12  1.026276517E-12  1.326027594E-12  1.198760941E-15  6.323042950E-13  3.963589441E-14 
  1.505288506E-12  1.742731196E-13  1.506347428E-12  2.289746876E-13  2.385863591E-14  2.281792594E-13  1.353932013E-12  1.284277096E-12  1.382831095E-12  6.932152908E-13  8.978977691E-15  8.884031820E-16  2.570457207E-15  3.096405925E-14  6.644584146E-15 
  1.761697271E-13  1.683084615E-12  1.762442381E-13  2.331595035E-14  2.585271769E-13  2.340511975E-14  1.028560418E-12  1.677285163E-12  1.026276517E-12  8.978977691E-15  4.429849834E-13  8.934359370E-15  5.623236184E-16  3.230154099E-14  6.797998742E-15 
  1.506482532E-12  1.749192048E-13  1.505719128E-12  2.280528529E-13  2.324035468E-14  2.285659611E-13  1.333456415E-12  1.030421228E-12  1.326027594E-12  8.884031820E-16  8.934359370E-15  6.932197995E-13  2.568790263E-15  3.073599298E-14  6.618423605E-15 
  1.275357076E-16  3.633670084E-13  1.302396507E-16  1.089036791E-18  5.600796467E-14  1.107889216E-18  1.199213784E-15  6.858413882E-13  1.198760941E-15  2.570457207E-15  5.623236184E-16  2.568790263E-15  7.923375814E-14  8.091715161E-16  2.236009536E-16 
  3.961485737E-14  7.962667376E-14  3.945506284E-14  5.309764133E-16  9.458681725E-16  5.454636109E-16  6.242730195E-13  1.242503648E-12  6.323042950E-13  3.096405925E-14  3.230154099E-14  3.073599298E-14  8.091715161E-16  3.605734559E-14  3.036839717E-14 
  9.356398319E-13  1.754819871E-12  8.974944100E-13  1.195925975E-15  2.359948026E-15  1.252127010E-15  3.870127699E-14  8.000935018E-14  3.963589441E-14  6.644584146E-15  6.797998742E-15  6.618423605E-15  2.236009536E-16  3.036839717E-14  4.431768677E-16 
