16.512978122104983,-0.16422531540000002,-0.006337053451000001,-11.55042917,-0.009480700566999999,-0.001143049768,-2.376427714,-0.0788223861,-3.0222284850000004e-06,-1.240269882,-0.1127776853,-0.1115277344,-0.8479838299,-0.0002686731405,-0.013281905850000001
-0.16422531540000002,17.404418486233002,-0.1681312328,-0.009459313753000001,-11.48787422,-0.00964127929,-0.07886654228,-2.252798767,-0.07924916056999999,-0.1110317086,-1.237409683,-0.1112477525,-0.851330293,-0.8319330465,-0.01122017154
-0.006337053451000001,-0.1681312328,16.502749948198204,-0.001141752717,-0.009751562544,-11.54703338,-2.928094003e-06,-0.07911102319999999,-2.375913298,-0.111715577,-0.1124554217,-1.240706647,-0.0002765963742,-0.8406364599,-0.009537015418
-11.55042917,-0.009459313753000001,-0.001141752717,12.287530042373424,-0.00116815094,-0.0002060334327,-0.4134650305,-0.0027580323009999998,-5.462275873000001e-07,-0.26256365820000005,-0.02013996966,-0.02052280942,-0.003190710352,-4.8082240140000006e-05,-0.0024367826300000003
-0.009480700566999999,-11.48787422,-0.009751562544,-0.00116815094,12.237222537043001,-0.001202502047,-0.002758876481,-0.4106208692,-0.002791721262,-0.02047159584,-0.26234944210000005,-0.020261417440000002,-0.0031432984820000003,-0.003262802561,-0.002085377579
-0.001143049768,-0.00964127929,-11.54703338,-0.0002060334327,-0.001202502047,12.283552951727948,-5.298197362e-07,-0.002763776534,-0.41369251819999997,-0.02024183019,-0.02050587331,-0.2621660424,-4.956938051e-05,-0.003163643714,-0.001742923642
-2.376427714,-0.07886654228,-2.928094003e-06,-0.4134650305,-0.002758876481,-5.298197362e-07,7.155307986545994,-0.8189510096,-4.785120501e-05,-1.3558253409999999,-0.7724211608,-0.7383903131,-0.046981983229999996,-1.178362439e-07,-0.5511685886000001
-0.0788223861,-2.252798767,-0.07911102319999999,-0.0027580323009999998,-0.4106208692,-0.002763776534,-0.8189510096,7.991165668395001,-0.8117391844,-0.756528849,-1.36718104,-0.7645495717999999,-0.04701833644,-0.04711896542,-0.5512038574
-3.0222284850000004e-06,-0.07924916056999999,-2.375913298,-5.462275873000001e-07,-0.002791721262,-0.41369251819999997,-4.785120501e-05,-0.8117391844,7.167236034414991,-0.7506508269000001,-0.7736564052,-1.36148311,-1.255219087e-07,-0.04684388590000001,-0.5511643788
-1.240269882,-0.1110317086,-0.111715577,-0.26256365820000005,-0.02047159584,-0.02024183019,-1.3558253409999999,-0.756528849,-0.7506508269000001,4.981340649028999,-0.006350105155000001,-0.004276827373,-0.0037874496690000004,-0.003007863102,-0.33461913499999996
-0.1127776853,-1.237409683,-0.1124554217,-0.02013996966,-0.26234944210000005,-0.02050587331,-0.7724211608,-1.36718104,-0.7736564052,-0.006350105155000001,5.033770685107999,-0.006343666953,-0.0037820024910000002,-0.0037795754390000003,-0.334618654
-0.1115277344,-0.1112477525,-1.240706647,-0.02052280942,-0.020261417440000002,-0.2621660424,-0.7383903131,-0.7645495717999999,-1.36148311,-0.004276827373,-0.006343666953,4.9827632395500006,-0.002924880747,-0.0037425093170000002,-0.3346199571
-0.8479838299,-0.851330293,-0.0002765963742,-0.003190710352,-0.0031432984820000003,-4.956938051e-05,-0.046981983229999996,-0.04701833644,-1.255219087e-07,-0.0037874496690000004,-0.0037820024910000002,-0.002924880747,1.8108151271079485,-1.2910892530000001e-05,-0.0003331406278
-0.0002686731405,-0.8319330465,-0.8406364599,-4.8082240140000006e-05,-0.003262802561,-0.003163643714,-1.178362439e-07,-0.04711896542,-0.04684388590000001,-0.003007863102,-0.0037795754390000003,-0.0037425093170000002,-1.2910892530000001e-05,1.784091854417014,-0.0002733184546
-0.013281905850000001,-0.01122017154,-0.009537015418,-0.0024367826300000003,-0.002085377579,-0.001742923642,-0.5511685886000001,-0.5512038574,-0.5511643788,-0.33461913499999996,-0.334618654,-0.3346199571,-0.0003331406278,-0.0002733184546,2.6983052066414004
