  1.328190585E-14  1.642253154E-13  6.337053451E-15  1.155042917E-11  9.480700567E-15  1.143049768E-15  2.376427714E-12  7.882238610E-14  3.022228485E-18  1.240269882E-12  1.127776853E-13  1.115277344E-13  8.479838299E-13  2.686731405E-16 
  1.642253154E-13  1.122017154E-14  1.681312328E-13  9.459313753E-15  1.148787422E-11  9.641279290E-15  7.886654228E-14  2.252798767E-12  7.924916057E-14  1.110317086E-13  1.237409683E-12  1.112477525E-13  8.513302930E-13  8.319330465E-13 
  6.337053451E-15  1.681312328E-13  9.537015418E-15  1.141752717E-15  9.751562544E-15  1.154703338E-11  2.928094003E-18  7.911102320E-14  2.375913298E-12  1.117155770E-13  1.124554217E-13  1.240706647E-12  2.765963742E-16  8.406364599E-13 
  1.155042917E-11  9.459313753E-15  1.141752717E-15  2.436782630E-15  1.168150940E-15  2.060334327E-16  4.134650305E-13  2.758032301E-15  5.462275873E-19  2.625636582E-13  2.013996966E-14  2.052280942E-14  3.190710352E-15  4.808224014E-17 
  9.480700567E-15  1.148787422E-11  9.751562544E-15  1.168150940E-15  2.085377579E-15  1.202502047E-15  2.758876481E-15  4.106208692E-13  2.791721262E-15  2.047159584E-14  2.623494421E-13  2.026141744E-14  3.143298482E-15  3.262802561E-15 
  1.143049768E-15  9.641279290E-15  1.154703338E-11  2.060334327E-16  1.202502047E-15  1.742923642E-15  5.298197362E-19  2.763776534E-15  4.136925182E-13  2.024183019E-14  2.050587331E-14  2.621660424E-13  4.956938051E-17  3.163643714E-15 
  2.376427714E-12  7.886654228E-14  2.928094003E-18  4.134650305E-13  2.758876481E-15  5.298197362E-19  5.511685886E-13  8.189510096E-13  4.785120501E-17  1.355825341E-12  7.724211608E-13  7.383903131E-13  4.698198323E-14  1.178362439E-19 
  7.882238610E-14  2.252798767E-12  7.911102320E-14  2.758032301E-15  4.106208692E-13  2.763776534E-15  8.189510096E-13  5.512038574E-13  8.117391844E-13  7.565288490E-13  1.367181040E-12  7.645495718E-13  4.701833644E-14  4.711896542E-14 
  3.022228485E-18  7.924916057E-14  2.375913298E-12  5.462275873E-19  2.791721262E-15  4.136925182E-13  4.785120501E-17  8.117391844E-13  5.511643788E-13  7.506508269E-13  7.736564052E-13  1.361483110E-12  1.255219087E-19  4.684388590E-14 
  1.240269882E-12  1.110317086E-13  1.117155770E-13  2.625636582E-13  2.047159584E-14  2.024183019E-14  1.355825341E-12  7.565288490E-13  7.506508269E-13  3.346191350E-13  6.350105155E-15  4.276827373E-15  3.787449669E-15  3.007863102E-15 
  1.127776853E-13  1.237409683E-12  1.124554217E-13  2.013996966E-14  2.623494421E-13  2.050587331E-14  7.724211608E-13  1.367181040E-12  7.736564052E-13  6.350105155E-15  3.346186540E-13  6.343666953E-15  3.782002491E-15  3.779575439E-15 
  1.115277344E-13  1.112477525E-13  1.240706647E-12  2.052280942E-14  2.026141744E-14  2.621660424E-13  7.383903131E-13  7.645495718E-13  1.361483110E-12  4.276827373E-15  6.343666953E-15  3.346199571E-13  2.924880747E-15  3.742509317E-15 
  8.479838299E-13  8.513302930E-13  2.765963742E-16  3.190710352E-15  3.143298482E-15  4.956938051E-17  4.698198323E-14  4.701833644E-14  1.255219087E-19  3.787449669E-15  3.782002491E-15  2.924880747E-15  3.331406278E-16  1.291089253E-17 
  2.686731405E-16  8.319330465E-13  8.406364599E-13  4.808224014E-17  3.262802561E-15  3.163643714E-15  1.178362439E-19  4.711896542E-14  4.684388590E-14  3.007863102E-15  3.779575439E-15  3.742509317E-15  1.291089253E-17  2.733184546E-16 
